#   XYZ data converted from README.txt
#  https://sites.uef.fi/spectral/munsell-colors-glossy-all-spectrofotometer-measured/
#  adapted to Illuminant E for simplicity

"X" "Y" "Z"
"2.5B2/2" 2.68484167018997 3.02733318734316 3.93297789195393
"2.5B2/4" 2.32199753720229 3.00225399591585 5.15093952887102
"2.5B2/6" 1.97923151256618 2.97492584080162 6.58276851927338
"2.5B3/2" 5.68665730744692 6.3529671933485 7.94516130848168
"2.5B3/4" 5.01268948202001 6.30937731617443 9.97594427367267
"2.5B3/6" 4.43729890107905 6.26814720692258 12.0202825066239
"2.5B3/8" 3.87030404131452 6.22434306270263 14.2803940605805
"2.5B4/2" 10.6100419754551 11.6454584074633 13.807794801772
"2.5B4/4" 9.58198313175507 11.5849772943185 16.440694091706
"2.5B4/6" 8.67715896669381 11.5263772663535 19.1732107156318
"2.5B4/8" 7.71636452918765 11.4585520553696 22.5078819209043
"2.5B5/2" 17.7298313959886 19.1971234400299 21.9838027994653
"2.5B5/4" 16.2971043260507 19.1193543296573 25.1489114281841
"2.5B5/6" 14.9388246402402 19.0385347304263 28.6980115445269
"2.5B5/8" 13.6177597106548 18.9545313428351 32.5673609744626
"2.5B5/10" 12.270085951768 18.8650516379998 36.807325331523
"2.5B6/2" 27.1904060607267 29.2044144575633 32.5848194347419
"2.5B6/4" 25.1877526231344 29.1028418211108 36.4573667420417
"2.5B6/6" 23.2655494057198 28.9950387299382 40.9717822103541
"2.5B6/8" 21.5047235446069 28.88961445803 45.6231819008724
"2.5B7/2" 39.2712240863 41.8639214480861 45.9818483262914
"2.5B7/4" 36.6176171608821 41.7347200391358 50.6965239868761
"2.5B7/6" 34.310372015467 41.6132954628925 55.4986162348785
"2.5B7/8" 32.007487486042 41.4840458246298 60.9145694539158
"2.5B8/2" 54.2610748649964 57.4748640077353 62.1358140659667
"2.5B8/4" 50.5935615679095 57.3068025509266 67.8393693143556
"2.5B9/2" 72.5195071225545 76.5143085030163 82.4097947344758
"2.5BG2/2" 2.61670552595165 3.03597099162398 3.12941727868144
"2.5BG2/4" 2.13016759029002 3.02160068047295 3.27314388859944
"2.5BG2/6" 1.73534692229934 3.00945219082631 3.42745078055888
"2.5BG3/2" 5.55793167191562 6.36827532402726 6.50521373939005
"2.5BG3/4" 4.64719310639436 6.3425497856991 6.68346308538735
"2.5BG3/6" 3.94193719702417 6.32191430796167 6.87673047316417
"2.5BG3/8" 3.31999511322233 6.30303208439159 7.10010351097516
"2.5BG4/2" 10.3356947430386 11.664473448255 11.7915307736784
"2.5BG4/4" 8.96164495342314 11.6268446504845 11.9689009377877
"2.5BG4/6" 7.7558835165663 11.5928111338884 12.2029196836945
"2.5BG4/8" 6.63557871311001 11.5603060655184 12.4886923152346
"2.5BG5/2" 17.2766002609728 19.2211895966679 19.2211068058978
"2.5BG5/4" 15.4419388229161 19.1735406788821 19.2573254438885
"2.5BG5/6" 13.8307461245094 19.1301579553847 19.4080520253568
"2.5BG5/8" 12.101657156201 19.0821804220573 19.6796575047322
"2.5BG5/10" 10.5988188536921 19.0391755755807 20.0166639217238
"2.5BG6/2" 26.4944453969162 29.2317138058769 29.0893074517826
"2.5BG6/4" 23.8796183221777 29.1661242321622 28.9613896352773
"2.5BG6/6" 21.7626371654608 29.1110834549699 29.0077904326688
"2.5BG6/8" 19.6055254416155 29.0524103620515 29.2552983548334
"2.5BG6/10" 17.6784446396275 28.9983465041025 29.603834990878
"2.5BG7/2" 38.2974704789945 41.8983093285268 41.38561215903
"2.5BG7/4" 35.1931443154932 41.8211151073786 41.181635861918
"2.5BG7/6" 32.412981920504 41.7504879491595 41.114490066285
"2.5BG7/8" 29.5706278256886 41.677075902167 41.1390345034716
"2.5BG8/2" 52.8196363116571 57.5089351986078 56.6338976723609
"2.5BG8/4" 48.8370303273833 57.4119226593488 56.2158646997198
"2.5BG8/6" 45.1983434122731 57.3224565056115 55.8982127599831
"2.5BG9/2" 70.5031652804974 76.5545584764746 75.2865947824007
"2.5G2/2" 2.65032049969963 3.04380630300949 2.59029281391413
"2.5G2/4" 2.1688392705159 3.0377787409112 2.09885067503808
"2.5G3/2" 5.60869423408134 6.38361005681786 5.42019066791799
"2.5G3/4" 4.76465744992809 6.37372511488632 4.50599490663054
"2.5G3/6" 4.02308343664388 6.36403342766989 3.78063983889107
"2.5G3/8" 3.40652832585536 6.35529104157604 3.23051465502499
"2.5G3/10" 2.78759825884328 6.34556165185824 2.75200054472629
"2.5G4/2" 10.3986409867697 11.6885309872057 10.0561201930535
"2.5G4/4" 9.10301142062794 11.6746909488167 8.54964312672166
"2.5G4/6" 7.8455833803652 11.659739766885 7.20508015467641
"2.5G4/8" 6.77007911086246 11.6454561019456 6.17071757724624
"2.5G4/10" 5.75107218508233 11.6308022060352 5.27735544485079
"2.5G5/2" 17.3521160414466 19.255542297956 16.7144705343705
"2.5G5/4" 15.602792979297 19.2385607548174 14.5486111142258
"2.5G5/6" 13.9641670574642 19.2214458793446 12.613227779749
"2.5G5/8" 12.3560270418949 19.2021468248298 10.9074013146647
"2.5G5/10" 10.935981477713 19.1832190602242 9.54695815902975
"2.5G5/12" 9.48653733013744 19.1623576079329 8.27759540396072
"2.5G6/2" 26.5225134321973 29.2793131498812 25.4638111460504
"2.5G6/4" 24.1668762969327 29.2575414453014 22.4625308244667
"2.5G6/6" 22.0430509304018 29.2378678675 19.7600295545331
"2.5G6/8" 20.019556789853 29.216002686671 17.4265738316565
"2.5G6/10" 18.0771180937734 29.1931023946782 15.3343835178406
"2.5G7/2" 38.3610343855446 41.9578601466683 36.9063893611376
"2.5G7/4" 35.3910405950936 41.9335077802389 32.8828102393066
"2.5G7/6" 32.7443612591048 41.9103609126683 29.4090343536634
"2.5G7/8" 30.0671899312641 41.8851527164284 26.0340359211666
"2.5G7/10" 27.5010956240971 41.8579462903399 23.0344997866266
"2.5G8/2" 52.8857473776951 57.5857547531345 50.8241814552905
"2.5G8/4" 49.2383371411644 57.5585845871228 45.6712248490542
"2.5G8/6" 45.4818261995383 57.52724038727 40.6240978308477
"2.5G8/8" 42.3972382733518 57.4995991620927 36.6269632755688
"2.5G9/2" 70.5935602186672 76.6548545254928 67.7095106855235
"2.5G9/4" 65.8813475548654 76.6216458917965 60.9057949248904
"2.5GY2/2" 2.83789663768149 3.05769816472669 1.88896786403739
"2.5GY3/2" 5.98610972128012 6.4109024023858 4.06004507372987
"2.5GY3/4" 5.63561936464068 6.42692553374521 2.12373438196747
"2.5GY4/2" 11.03037072575 11.7339320939241 7.80125040392851
"2.5GY4/4" 10.4788375653821 11.7621230796372 4.52402953254458
"2.5GY4/6" 10.0800490515713 11.7788389771868 2.43808087114478
"2.5GY5/2" 18.3269304758599 19.3216389662745 13.5413685562423
"2.5GY5/4" 17.5534637989094 19.3623805393851 8.8520877491956
"2.5GY5/6" 16.9133829506089 19.3925925297109 5.24245150213655
"2.5GY5/8" 16.4439622484404 19.4122193328355 2.7908946833039
"2.5GY6/2" 27.9887331133408 29.3744809458536 21.0197058941155
"2.5GY6/4" 26.9600811417004 29.4291334879551 14.747019546484
"2.5GY6/6" 26.1032322228747 29.4724429463929 9.69330124916418
"2.5GY6/8" 25.3515555470749 29.5042724151712 5.73661806624734
"2.5GY6/10" 24.8810149691391 29.5246089252052 3.22794539835323
"2.5GY7/2" 40.3311620732157 42.0855038781397 30.9528204983808
"2.5GY7/4" 38.9800523150987 42.1577007529848 22.681927791066
"2.5GY7/6" 37.9162193035379 42.2138614041839 16.2226335476181
"2.5GY7/8" 36.9514609320382 42.2599481432428 10.73950131238
"2.5GY7/10" 36.1051978498553 42.2946866322016 6.36971353446554
"2.5GY7/12" 35.6065055641086 42.3169315044814 3.65745805308603
"2.5GY8/2" 55.5378602661564 57.7570715397554 42.849342325614
"2.5GY8/4" 53.8738372913923 57.8435534986756 32.851295754297
"2.5GY8/6" 52.4748684821777 57.9202915919427 24.1340001481464
"2.5GY8/8" 51.2847370573633 57.9787504660635 17.2457685800885
"2.5GY8/10" 50.1971740521738 58.0273348540939 11.3252241988857
"2.5GY8/12" 49.3764928480275 58.0621542688431 7.00005712879082
"2.5GY9/2" 74.1007203277029 76.8745562390993 57.6931873372469
"2.5GY9/4" 71.970477710125 76.9916946253075 44.3969223248927
"2.5GY9/6" 70.2717773557732 77.0871913213929 33.6327089831648
"2.5PB2/2" 2.95182015260493 3.02607622506971 4.5611812797115
"2.5PB2/4" 2.87819404301729 3.00036495821153 6.40324967694679
"2.5PB2/6" 2.82878761346754 2.96860964170809 8.7609334780068
"2.5PB3/2" 6.19415588527855 6.35256108999573 8.98592699423538
"2.5PB3/4" 6.04696367179839 6.31150314855899 11.8685883502601
"2.5PB3/6" 5.925458601776 6.26650043717943 15.1074260019598
"2.5PB3/8" 5.83604133185198 6.21628444083738 18.8132767485448
"2.5PB3/10" 5.761386037708 6.15994201874831 23.0223035313373
"2.5PB4/2" 11.4127229222124 11.6513859441098 14.9458031018427
"2.5PB4/4" 11.1447764587965 11.5955645085542 18.7301024656371
"2.5PB4/6" 10.934165433993 11.5363770172648 22.8887654337109
"2.5PB4/8" 10.7203337608782 11.4659350629668 27.9114400396644
"2.5PB4/10" 10.5577104904489 11.3956591364595 33.0231218714167
"2.5PB5/2" 18.8559495946957 19.2085253300607 23.3417065037526
"2.5PB5/4" 18.4321197625247 19.1367895213517 28.0467846727044
"2.5PB5/6" 18.1006898150996 19.0550558008563 33.7088716630782
"2.5PB5/8" 17.7853079335472 18.9682573240587 39.794583348929
"2.5PB5/10" 17.5162388577899 18.8725371363244 46.662408739622
"2.5PB5/12" 17.2062721914479 18.7661804672209 54.2715160210123
"2.5PB6/2" 28.7506494320923 29.2250667969923 34.0907221537562
"2.5PB6/4" 28.1741287954069 29.1352997494565 39.8866466027305
"2.5PB6/6" 27.6223231152822 29.0283593992596 47.0599049439918
"2.5PB6/8" 27.2153585174442 28.9181591033666 54.7733592803008
"2.5PB6/10" 26.7713021451495 28.7975020062363 63.2217684356703
"2.5PB7/2" 41.2802682443949 41.8960525066889 47.4926044247717
"2.5PB7/4" 40.4936283541572 41.7766175307835 55.1651348522406
"2.5PB7/6" 39.7210469532989 41.6493295643335 63.4729742180517
"2.5PB7/8" 39.0504688264197 41.5064569092289 73.1890022919869
"2.5PB8/2" 56.7726490904405 57.5158913322876 63.9580112967292
"2.5PB8/4" 55.6302185452751 57.3582098755342 73.8808865651619
"2.5PB8/6" 54.4525512811025 57.1831503905331 85.0776919879104
"2.5PB9/2" 75.6787234848655 76.5753742160971 83.9703159636799
"2.5P2/2" 3.43122928629192 3.03902059254868 4.5135583826722
"2.5P2/4" 3.78774095096178 3.03065617345172 5.86952203159273
"2.5P2/6" 4.16408103689246 3.02238868873355 7.25742530806634
"2.5P2/8" 4.68187429074721 3.01167005938397 9.11623394072308
"2.5P2/10" 5.20000203178907 3.00078451694514 10.9886168443784
"2.5P3/2" 7.02323596426249 6.37541442672367 8.86740337582534
"2.5P3/4" 7.60672147439284 6.36001746361718 11.2186876158188
"2.5P3/6" 8.21901446495585 6.34444784280078 13.6406200048943
"2.5P3/8" 8.9056174287291 6.32902346230248 16.1991137505355
"2.5P3/10" 9.70727006345123 6.31157825686624 19.1427184481967
"2.5P4/2" 12.4834303151016 11.6793061907951 14.9159756600682
"2.5P4/4" 13.2455376199337 11.6586648935892 18.0281140101171
"2.5P4/6" 14.0106355816798 11.6371006702322 21.217579302042
"2.5P4/8" 14.8936461309043 11.6145403015637 24.7186011188289
"2.5P4/10" 15.8526278863356 11.5911586130328 28.4342418030789
"2.5P4/12" 16.9397496700255 11.565260265145 32.5993763929003
"2.5P5/2" 20.1266773504241 19.247072584162 22.8878072346094
"2.5P5/4" 21.0897680000344 19.2174446691502 27.0947015269588
"2.5P5/6" 22.1413563428353 19.1855691119154 31.651439852947
"2.5P5/8" 23.343637441786 19.1528966069881 36.5695248930435
"2.5P5/10" 24.4898795719782 19.1218025200817 41.2540802825824
"2.5P6/2" 30.3000313757417 29.2699202509622 33.7033150126816
"2.5P6/4" 31.4357470495743 29.2345339002526 38.698896990602
"2.5P6/6" 32.7737648606805 29.1906449995506 44.7544201665261
"2.5P6/8" 34.1609203669335 29.1493845304354 50.7043905149585
"2.5P7/2" 43.0930540662242 41.9489939501177 47.0035551274941
"2.5P7/4" 44.5559339605392 41.9015778288456 53.5802092766665
"2.5P7/6" 46.0822744112704 41.8503000986672 60.581735151821
"2.5P7/8" 47.8279918828034 41.7938129373113 68.4224733289521
"2.5P8/2" 58.7480009139658 57.5822979628549 62.7508935904039
"2.5P8/4" 60.5927991768138 57.515079119434 71.6186777591932
"2.5P9/2" 77.9843346669815 76.6478467653984 82.9509105614018
"2.5RP2/2" 3.6881314128327 3.05599878071726 3.71141939119119
"2.5RP2/4" 4.18757252319765 3.06186217611283 4.25127832844987
"2.5RP2/6" 4.73730851458497 3.06808401803763 4.86344598580907
"2.5RP2/8" 5.4608434225778 3.07586830667083 5.70044099010254
"2.5RP3/2" 7.43989659710437 6.40633603217802 7.30462599063689
"2.5RP3/4" 8.41575164648647 6.42009292545471 8.18153782259986
"2.5RP3/6" 9.36413569466488 6.43306213564094 9.06473211235604
"2.5RP3/8" 10.4380066213257 6.44771677936073 10.0671547547998
"2.5RP3/10" 11.5951726249679 6.4629544407591 11.1901515341662
"2.5RP4/2" 13.0498305377278 11.7211623259617 12.8053399364895
"2.5RP4/4" 14.3560270500974 11.7407365753161 13.8893511380185
"2.5RP4/6" 15.7757828767862 11.7616689405324 15.0941827654535
"2.5RP4/8" 17.2203384149212 11.7829113821959 16.3243570088348
"2.5RP4/10" 18.6178711052579 11.8029512131257 17.5540176721072
"2.5RP4/12" 20.2104571078922 11.8256505400358 18.9659327959039
"2.5RP5/2" 20.8136048219718 19.2965535122302 20.4271872584359
"2.5RP5/4" 22.5619449234383 19.3241311752813 21.7715906120257
"2.5RP5/6" 24.5042119699809 19.3545128530082 23.2848311709405
"2.5RP5/8" 26.6128419438519 19.3871612541596 24.9536411559167
"2.5RP5/10" 28.4346951782294 19.4145153912427 26.4615413255869
"2.5RP5/12" 30.5991095473715 19.4469497529595 28.2578539695969
"2.5RP6/2" 31.2455376346969 29.3341112817395 30.619303855711
"2.5RP6/4" 33.3535753309942 29.3686145060493 32.1434843421348
"2.5RP6/6" 35.8415072645227 29.4089473104979 33.9723737037529
"2.5RP6/8" 38.1346741244143 29.4456963102243 35.6910676690572
"2.5RP6/10" 40.5736316272885 29.4842166543936 37.5627275711718
"2.5RP6/12" 43.3443179148522 29.5272224729191 39.7472534447554
"2.5RP7/2" 44.1205852218503 42.0224726068794 43.3643797928767
"2.5RP7/4" 46.8750617451272 42.0705098809026 45.1275348462425
"2.5RP7/6" 50.0314630167122 42.1227505526295 47.364983503637
"2.5RP7/8" 53.2263545215105 42.1758650997318 49.6113996318607
"2.5RP7/10" 56.2855437637372 42.2266240415337 51.7701010584239
"2.5RP8/2" 59.7856781692444 57.658367432372 58.9315249476001
"2.5RP8/4" 63.4286627311222 57.7238475161543 61.1128006326565
"2.5RP8/6" 67.4312625526089 57.7962901624158 63.4708280305587
"2.5RP9/2" 79.2519867858927 76.7421353498724 78.1798746762584
"2.5R2/2" 3.72528026338047 3.06809352014529 2.84990039034388
"2.5R2/4" 4.34792937167683 3.08560518140634 2.73393246582377
"2.5R2/6" 4.99772642049657 3.10332923447648 2.65553242522676
"2.5R2/8" 5.79625574260576 3.12451744824886 2.60502693943004
"2.5R3/2" 7.52911863621588 6.4298321567041 5.66489466132344
"2.5R3/4" 8.61447804927241 6.46505953537514 5.09907681948756
"2.5R3/6" 9.68345321627634 6.49859697300575 4.63137213570585
"2.5R3/8" 10.9435817628665 6.5368949274412 4.17567299735658
"2.5R3/10" 12.2502994612719 6.57505709034718 3.82313653797913
"2.5R4/2" 13.1820844648705 11.7523876657597 10.6534187738529
"2.5R4/4" 14.6693545873368 11.8027103983506 9.71948564599705
"2.5R4/6" 16.2155305833657 11.8531605450955 8.89285551862912
"2.5R4/8" 17.8650931365829 11.9053166882902 8.13990835276632
"2.5R4/10" 19.5028613969665 11.9556706190323 7.50288628805963
"2.5R4/12" 21.2642041312945 12.008635035667 6.9097457168814
"2.5R4/14" 23.2309146884132 12.0661177156022 6.37561744565268
"2.5R5/2" 20.9975852914515 19.332859751327 17.9851890009325
"2.5R5/4" 23.0327340436316 19.4039688831682 16.5333104947395
"2.5R5/6" 25.1423281652373 19.4760822236205 15.1518302559341
"2.5R5/8" 27.316055950785 19.5481364869577 13.9024736911088
"2.5R5/10" 29.586885929262 19.620531267165 12.8199070159239
"2.5R5/12" 32.0976239302426 19.6983614353195 11.7941190508109
"2.5R5/14" 34.2373425184681 19.7633195800726 11.0259339115558
"2.5R6/2" 31.4309664482338 29.3786409816758 27.5441859395689
"2.5R6/4" 33.9257408091772 29.467393316138 25.641930675933
"2.5R6/6" 36.6266295665507 29.5629325245313 23.6247188266648
"2.5R6/8" 39.1140291945134 29.6479811958084 21.9942363620701
"2.5R6/10" 41.9998083601485 29.7435039798517 20.3460210564429
"2.5R6/12" 45.0033913134366 29.8398739855357 18.8665803800619
"2.5R7/2" 44.4997358282268 42.0788747065494 39.7563445925949
"2.5R7/4" 47.5425621188864 42.1886969781907 37.3145598776394
"2.5R7/6" 50.8130374160094 42.3058197849483 34.7609220834586
"2.5R7/8" 54.2902897337104 42.4263876964468 32.3520971203491
"2.5R8/2" 60.1515769917726 57.7142887479049 55.3343171513007
"2.5R8/4" 64.369356147186 57.870744269806 51.6227788779854
"2.5R8/6" 68.5189307013169 58.0187022395917 48.4327876992531
"2.5R9/2" 79.6739082607122 76.8066925373487 74.0261936365454
"2.5YR2/2" 3.60524201136892 3.07425697628674 2.13447772540397
"2.5YR2/4" 4.16081014067546 3.09813025500542 1.39308747050357
"2.5YR3/2" 7.31176868788044 6.43862775149377 4.55236104863824
"2.5YR3/4" 8.13650108289167 6.47788957802821 3.15616217992426
"2.5YR3/6" 8.96805858257098 6.51440506172715 1.98593909629059
"2.5YR3/8" 9.73530714852784 6.54581789349014 1.08245048513439
"2.5YR4/2" 12.9809010920042 11.7704548679201 8.85597504312956
"2.5YR4/4" 14.2154702336492 11.8326827181743 6.49870939930982
"2.5YR4/6" 15.326469899964 11.8854584665052 4.62670094984819
"2.5YR4/8" 16.4521099377716 11.9351000637996 3.02620495689676
"2.5YR4/10" 17.4439576306808 11.9774613732929 1.7226664962152
"2.5YR5/2" 20.8316714941332 19.3614891160894 15.4410176822142
"2.5YR5/4" 22.4229819555016 19.4461161249703 12.0609256072079
"2.5YR5/6" 24.0658457303291 19.5285520271556 8.95282689492746
"2.5YR5/8" 25.7098848075574 19.6052189681583 6.29323563567188
"2.5YR5/10" 27.2030160998439 19.6710173695766 4.17407564688725
"2.5YR5/12" 28.3927016429781 19.7225931124491 2.55137268258762
"2.5YR5/14" 29.3913801501383 19.7642919632335 1.31265432407913
"2.5YR6/2" 31.3157643628497 29.4201479310749 24.1049255922202
"2.5YR6/4" 33.2657756324806 29.529509848309 19.525258032524
"2.5YR6/6" 35.3626378317512 29.6378824171434 15.3141764438401
"2.5YR6/8" 37.3729329740648 29.7351993505119 11.7859625637722
"2.5YR6/10" 39.4098306258148 29.8299224633795 8.51126347268248
"2.5YR6/12" 41.2432867641882 29.9127839757666 5.74931502019227
"2.5YR6/14" 42.8158922813653 29.9814245360615 3.56840854850834
"2.5YR6/16" 44.0269677220776 30.0334139496467 1.95625451007246
"2.5YR7/2" 44.3357116924342 42.1273016284545 35.6847938468273
"2.5YR7/4" 46.8433832360469 42.2726048025481 29.4345628853502
"2.5YR7/6" 49.4743180566148 42.4145223358033 23.6913333123448
"2.5YR7/8" 51.9710309770858 42.5410944903855 18.8679588963009
"2.5YR7/10" 54.3851779200202 42.6563623101847 14.7546442255496
"2.5YR7/12" 56.9817368267065 42.7780644618516 10.5064969969946
"2.5YR8/2" 60.1378969800703 57.776555772197 50.4913942078343
"2.5YR8/4" 63.5991868900201 57.9839140342274 41.3384794068811
"2.5YR8/6" 66.6956362092752 58.1542983819584 34.3194901844337
"2.5YR9/2" 79.7649907538115 76.8920424496502 67.6064072085579
"2.5Y2/2" 3.19990496514785 3.07030851728481 1.6336805527589
"2.5Y3/2" 6.62949632451966 6.43073600134906 3.8057436629631
"2.5Y3/4" 6.87149021465635 6.45985388236345 2.03507327699905
"2.5Y4/2" 12.0413390857147 11.7655252999238 7.36854303782999
"2.5Y4/4" 12.415690816391 11.8140177975812 4.36268990710864
"2.5Y4/6" 12.7255929346741 11.8469206059961 2.43435610329502
"2.5Y5/2" 19.7015020106457 19.3606955968726 13.2546078773837
"2.5Y5/4" 20.1590554780436 19.4325466805444 8.60768690254323
"2.5Y5/6" 20.6386153580114 19.490348475879 5.09110240101101
"2.5Y5/8" 21.0278686672956 19.5286751190908 2.90111129144343
"2.5Y6/2" 29.7151480619484 29.4202927370156 20.9102800067756
"2.5Y6/4" 30.2631991737968 29.513961186155 14.7559995132803
"2.5Y6/6" 30.8740824995986 29.5951715864838 9.69018739633129
"2.5Y6/8" 31.4840572417354 29.6581903257662 6.02950638752585
"2.5Y6/10" 31.9353380098582 29.7026903559843 3.48543284503826
"2.5Y7/2" 42.3926418066846 42.1376298639757 31.0214627745597
"2.5Y7/4" 43.1518715176982 42.2624732572731 22.8761310259102
"2.5Y7/6" 43.8626128517513 42.3662840697369 16.2610154853134
"2.5Y7/8" 44.4826349340519 42.4489515662346 11.1006879039016
"2.5Y7/10" 45.0997215578341 42.5176157726659 7.01753271721939
"2.5Y7/12" 45.6539966626187 42.5691251070261 4.13620566109523
"2.5Y8/2" 58.0096278050775 57.8110187023237 43.5931517187403
"2.5Y8/4" 58.684049493446 57.9596686800736 33.4379514759687
"2.5Y8/6" 59.5029988042207 58.0935780026871 24.7102387761478
"2.5Y8/8" 60.3728799018624 58.2045426727334 17.8583569557992
"2.5Y8/10" 61.2143042344642 58.297263291863 12.3608678185254
"2.5Y8/12" 61.9285618161426 58.3727388720538 7.944184953488
"2.5Y8/14" 62.5453124417571 58.4295461566778 4.77737265201365
"2.5Y8/16" 62.9370977022156 58.4673212373545 2.63507500772975
"2.5Y8.5/2" 67.0937674570303 66.9019620356416 50.816459226401
"2.5Y8.5/4" 67.7344612258006 67.068679700568 39.19682786035
"2.5Y8.5/6" 68.6329817076674 67.2171263719839 29.5030586451577
"2.5Y8.5/8" 69.5564550032548 67.3423428333509 21.6555359839981
"2.5Y8.5/10" 70.4381988078105 67.4453088063549 15.4458648382943
"2.5Y8.5/12" 71.2710908330163 67.5327899956846 10.336621991856
"2.5Y9/2" 77.0879783070122 76.9377447791775 58.7475237558942
"2.5Y9/4" 77.7310219837866 77.1269793912751 45.3911114470355
"5B2/2" 2.72112642178412 3.02612142055917 4.09886191158331
"5B2/4" 2.41873798049915 2.99940521109172 5.56366967546007
"5B2/6" 2.13785337500819 2.96824345362505 7.41506364555201
"5B3/2" 5.75548569790112 6.35063548250948 8.2623871488378
"5B3/4" 5.20032500398192 6.30528992482957 10.6652480345835
"5B3/6" 4.74096905421988 6.26100899152083 13.1763160502072
"5B3/8" 4.27518475046687 6.20990858249494 16.2020152109037
"5B4/2" 10.7467654236569 11.6441156111053 14.1835739180318
"5B4/4" 9.88530301525191 11.5819523777398 17.277909562081
"5B4/6" 9.16155544953132 11.5196453617657 20.6572646935117
"5B4/8" 8.37553554787411 11.4448517201275 24.8784794068863
"5B4/10" 7.64190658730944 11.3701195329979 29.1991409518973
"5B5/2" 17.9651222592376 19.1970511525245 22.4573606377131
"5B5/4" 16.7020356937744 19.1159499355794 26.2175694340554
"5B5/6" 15.6054101663456 19.0299103430865 30.6907832069153
"5B5/8" 14.5476920653899 18.9374095142289 35.741089773037
"5B5/10" 13.5196703455833 18.8412039216716 41.1369845406442
"5B6/2" 27.5467496672306 29.2061255505818 33.1612114340261
"5B6/4" 25.8362495988736 29.101626703429 37.8411313808883
"5B6/6" 24.211684740847 28.9869219464117 43.4812891521996
"5B6/8" 22.7656153788544 28.8700521536785 49.6438977297719
"5B6/10" 21.4343121347347 28.7522635448795 56.1058242339188
"5B7/2" 39.7733488308675 41.8671391905617 46.7316587972659
"5B7/4" 37.4416765114212 41.7319092440234 52.5528717659166
"5B7/6" 35.3750789951749 41.5958955981239 58.9618998913186
"5B7/8" 33.4902402930203 41.4569316836327 65.9605988963762
"5B8/2" 54.9437683470977 57.4817768849763 62.9589747770438
"5B8/4" 51.7490824517262 57.302646067624 70.4590320769073
"5B9/2" 73.2922828395023 76.5228569742743 83.285622507075
"5BG2/2" 2.62081780679151 3.03314122610333 3.35644944944051
"5BG2/4" 2.15933566285831 3.01574706721309 3.7838727913695
"5BG2/6" 1.77359792349523 3.00056565612796 4.19080993925889
"5BG3/2" 5.5645154581164 6.36340163839751 6.89523768941679
"5BG3/4" 4.69592105398331 6.33270714799095 7.54160446557696
"5BG3/6" 4.01712863325545 6.30751203295874 8.14014588839473
"5BG3/8" 3.36234003726647 6.28202936119759 8.80866778706196
"5BG4/2" 10.3628296698391 11.6581406825511 12.3352734988328
"5BG4/4" 9.05067139740016 11.6138345950682 13.1521587431132
"5BG4/6" 7.87450060550622 11.5724992859013 14.0097486398313
"5BG4/8" 6.75374694820271 11.5315033535 14.951309694996
"5BG5/2" 17.3289213397363 19.2114289107918 20.0800563883843
"5BG5/4" 15.5546558612686 19.154685688831 20.939746859554
"5BG5/6" 13.9864672558012 19.1029187549507 21.8244363385614
"5BG5/8" 12.3069117383839 19.044442391688 23.0065349844747
"5BG5/10" 10.7299395692189 18.9877547667444 24.2543198654271
"5BG6/2" 26.5807617895021 29.2203933480038 30.1365022486065
"5BG6/4" 24.0908478509445 29.1435685349776 31.1259530431265
"5BG6/6" 21.9199158013538 29.0736086017861 32.2188950823084
"5BG6/8" 19.8431479915791 29.0049242214614 33.4004683190061
"5BG6/10" 17.8638787479683 28.9388319111728 34.5754852701452
"5BG7/2" 38.3840702807152 41.8829044027041 42.7492622790118
"5BG7/4" 35.3329369431354 41.7917428535443 43.7313099446036
"5BG7/6" 32.6952530063308 41.7104902713747 44.769305259491
"5BG7/8" 29.8394560783318 41.621128708356 46.0006446944613
"5BG8/2" 53.0336009836033 57.4935378193049 58.2502785909797
"5BG8/4" 49.120130391566 57.3816327294634 59.121534022822
"5BG9/2" 70.7892176971323 76.5379751579288 77.1380703639565
"5G2/2" 2.63450818926309 3.04172036344388 2.7201699073484
"5G2/4" 2.14398268313594 3.03367916809207 2.36647357081568
"5G2/6" 1.71418654953091 3.02587226622624 2.1154409508939
"5G3/2" 5.57443474437898 6.37895560508504 5.7120264315455
"5G3/4" 4.69573664289079 6.36508623648124 5.03704768556479
"5G3/6" 3.95422891573505 6.35237690329176 4.54520838253776
"5G3/8" 3.34259319765716 6.34092129976524 4.21470682661307
"5G4/2" 10.3554001712051 11.6814494497938 10.5178032612099
"5G4/4" 8.99776563132595 11.6606856144995 9.42348984818735
"5G4/6" 7.76435691565126 11.640432249734 8.53676801550962
"5G4/8" 6.65208575595024 11.6203440819358 7.87819890848188
"5G4/10" 5.62200518356373 11.6003282546927 7.37750286384737
"5G5/2" 17.2899849834913 19.2440716619294 17.478034736699
"5G5/4" 15.4509264404472 19.2170197546605 15.9125407648024
"5G5/6" 13.7747458353098 19.1905057157254 14.6293941541517
"5G5/8" 12.106451250283 19.1622671056672 13.4953098206305
"5G5/10" 10.6640810278262 19.1360655209296 12.6530207184419
"5G6/2" 26.4540260805472 29.2621997739846 26.6511413789386
"5G6/4" 23.9293183676725 29.2256910871298 24.4533528885881
"5G6/6" 21.7559800326574 29.1929589716186 22.6623196756519
"5G6/8" 19.6969553999143 29.1588198126292 21.2074639623339
"5G6/10" 17.7701340293619 29.1250089844081 19.99015269909
"5G7/2" 38.2493793292735 41.9356941494159 38.3986322488269
"5G7/4" 35.1445937723889 41.8917033915811 35.6257953353628
"5G7/6" 32.39137361379 41.8508746910243 33.3076299147355
"5G7/8" 29.6829800244409 41.8085358312752 31.1954148199113
"5G7/10" 26.9672963825067 41.7626775050181 29.3408952224042
"5G8/2" 52.7427299144901 57.5566491060126 52.79075868947
"5G8/4" 48.93821834042 57.5042753183735 49.2745864670007
"5G8/6" 45.0163146170537 57.4468661387106 45.9143702903237
"5G9/2" 70.4397144526947 76.6187894187113 70.1927943805583
"5GY2/2" 2.78286059516382 3.0543620167238 2.03752413756699
"5GY3/2" 5.87402477002389 6.40499858353513 4.29372043882645
"5GY3/4" 5.3636382249245 6.41527808780989 2.48360473465177
"5GY3/6" 4.95839649613024 6.42100794057368 1.23447910525048
"5GY4/2" 10.8705116907893 11.7256455773663 8.12418567451694
"5GY4/4" 10.0838667898699 11.744924637864 5.068599818559
"5GY4/6" 9.44254946013626 11.755660345822 2.9627947957147
"5GY4/8" 8.92122448530296 11.7621019611819 1.42774507924955
"5GY5/2" 18.0809969548056 19.3090765937675 14.0238048768311
"5GY5/4" 17.0370450901997 19.3382974353042 9.68756964868483
"5GY5/6" 16.0549709784259 19.3586948772735 6.15680168472281
"5GY5/8" 15.2592558287217 19.3716051378226 3.57573739846361
"5GY5/10" 14.6684986908086 19.378948008855 1.83289202396741
"5GY6/2" 27.6261711745898 29.3578629607952 21.5838413557741
"5GY6/4" 26.2789743647942 29.3989098325884 15.7298639332297
"5GY6/6" 25.025567610606 29.4287091015795 10.9323109935542
"5GY6/8" 23.8675316369975 29.4502765469984 6.96108686585051
"5GY6/10" 22.9516957876132 29.4636426862625 4.10585844062492
"5GY7/2" 39.8809252507514 42.0658260635088 31.5792268452951
"5GY7/4" 38.0916514314623 42.1189090339249 23.9151391897389
"5GY7/6" 36.5799061986149 42.1598353630736 17.7432161415894
"5GY7/8" 35.1611267560639 42.1925475337725 12.391472433597
"5GY7/10" 33.8315916784814 42.2166244161585 7.88507663860538
"5GY7/12" 32.7862895720207 42.2307693099152 4.71212568282694
"5GY8/2" 54.9794319342362 57.7307110981514 43.7774004677658
"5GY8/4" 52.9363240033276 57.8037838500734 34.062460896054
"5GY8/6" 50.9449288167664 57.859828999011 25.7672824152136
"5GY8/8" 49.1633055042628 57.9001339324357 19.1066607085595
"5GY8/10" 47.5014650978354 57.932995073776 13.2599746503463
"5GY9/2" 73.3377009349547 76.8438876224867 58.5475298998227
"5GY9/4" 70.7361773188804 76.9446100969888 45.5835420320205
"5PB2/2" 3.06339515897099 3.02774657016721 4.65390741439957
"5PB2/4" 3.07522392355573 3.00397835635025 6.51566077332411
"5PB2/6" 3.10791972599876 2.97423763060277 8.88082879909354
"5PB2/8" 3.17595958835998 2.93850910056633 11.779387372058
"5PB3/2" 6.38736015903836 6.35617134623459 9.09097238141701
"5PB3/4" 6.38869525228558 6.31855371729479 12.0029650505266
"5PB3/6" 6.39318301764654 6.27563734585109 15.3310313529811
"5PB3/8" 6.42808559443217 6.23060283228745 18.8834058473461
"5PB3/10" 6.51701350005204 6.17683514399158 23.2186520505975
"5PB4/2" 11.6920644955585 11.6562838848108 15.1225767482131
"5PB4/4" 11.6648421870753 11.6073777707074 18.8508203581818
"5PB4/6" 11.6184513507985 11.5511085106192 23.1104036486676
"5PB4/8" 11.5988064403808 11.4848393844604 28.1965685424507
"5PB4/10" 11.6181483113857 11.417787475437 33.4208139890865
"5PB4/12" 11.686506879022 11.345832206812 39.1217726632844
"5PB5/2" 19.2195683386226 19.2170965953226 23.4020040568463
"5PB5/4" 19.1232530208532 19.1524380313616 28.2111196602688
"5PB5/6" 19.0653143514868 19.0766955623334 33.9537883547232
"5PB5/8" 18.9827637593546 18.9957296337909 40.0514876505714
"5PB5/10" 18.9504836780358 18.9063267645933 46.9016800793657
"5PB5/12" 18.9116629429749 18.8066497081298 54.5334667648873
"5PB6/2" 29.1439689669583 29.234686182998 34.1290298726328
"5PB6/4" 28.9893582134435 29.1542693432668 40.0409432069791
"5PB6/6" 28.8762152867255 29.0543369725592 47.544657322681
"5PB6/8" 28.8039417031797 28.9529526400478 55.2419503148767
"5PB6/10" 28.6640261279861 28.842006016085 63.5442560233888
"5PB7/2" 41.7611825166876 41.9065201179691 47.6395267388088
"5PB7/4" 41.4654543072587 41.8005340763188 55.2482884866465
"5PB7/6" 41.1923400874318 41.6808968179658 63.9578083570852
"5PB7/8" 41.0248179444352 41.5485242719933 73.8622827513475
"5PB8/2" 57.2600386873711 57.5281508880505 63.9792238003582
"5PB8/4" 56.8257230025917 57.3878781468382 73.9640747355648
"5PB8/6" 56.4077377642157 57.2206014431983 86.0698842984677
"5PB9/2" 76.2501738884238 76.5907226532417 83.9198227288826
"5P2/2" 3.51020125804371 3.04324398941997 4.34398839909344
"5P2/4" 3.91986625335184 3.03882544780494 5.50049495753994
"5P2/6" 4.33194694445854 3.03439966119476 6.6623663900175
"5P2/8" 4.91492829745235 3.02835764713805 8.28913867116918
"5P3/2" 7.16433543805996 6.38235335207304 8.61137978385169
"5P3/4" 7.86383616364425 6.37457817437537 10.6039384413337
"5P3/6" 8.56182445795918 6.36638966370245 12.6254561039094
"5P3/8" 9.34700523276658 6.35734816206183 14.8863599249445
"5P3/10" 10.2290674165437 6.34700281768086 17.4407888516856
"5P4/2" 12.6746677194536 11.6889874289549 14.5475810534188
"5P4/4" 13.5826714121465 11.6772597776409 17.2605119792884
"5P4/6" 14.4918887489027 11.6651664082027 20.0041412486044
"5P4/8" 15.4820582737875 11.6524859891798 22.9541775995094
"5P4/10" 16.6024738660985 11.6392549825192 26.2058410730289
"5P4/12" 17.7574720317145 11.6254904839334 29.5675455290426
"5P5/2" 20.3402981131578 19.2585734311663 22.4232025584666
"5P5/4" 21.5265092138401 19.2421981223027 26.0489054078143
"5P5/6" 22.8245461605889 19.2245357409591 29.9965591649901
"5P5/8" 24.214147404307 19.2063646662222 34.1656662514214
"5P5/10" 25.5519306633791 19.1884561938317 38.211403582206
"5P6/2" 30.5927156628415 29.2829094951162 33.2808465847023
"5P6/4" 32.0127771078456 29.2629525779392 37.6486521704046
"5P6/6" 33.6654661153309 29.2391404874967 42.7772859564119
"5P6/8" 35.2552989185123 29.2151458147682 47.7950266655809
"5P7/2" 43.376635049231 41.9641014399209 46.3991566989388
"5P7/4" 45.1814407975085 41.9357757245743 52.1794161620981
"5P7/6" 47.0779028225706 41.9050739149561 58.3257361744135
"5P7/8" 49.1508789934938 41.873793748979 64.8678529543889
"5P8/2" 58.9652336212876 57.5947084553619 62.2231209281503
"5P8/4" 61.3102583298213 57.5542789942883 70.0139157678292
"5P9/2" 78.2244516140542 76.6642916015333 82.1566370332431
"5RP2/2" 3.71496984951049 3.06006440687642 3.4503635969905
"5RP2/4" 4.25281518294203 3.06922652745803 3.81148170749052
"5RP2/6" 4.83197633316348 3.07873658952117 4.22786264379345
"5RP2/8" 5.58500141523057 3.09062684426009 4.80595598157608
"5RP3/2" 7.47786547856122 6.41404440843183 6.78397808905681
"5RP3/4" 8.53370842727171 6.43541002817646 7.23152002173948
"5RP3/6" 9.56348399585905 6.45583997013501 7.69958192715386
"5RP3/8" 10.7062007522699 6.47781676223172 8.2726382159605
"5RP3/10" 11.8872201259357 6.50008251121735 8.89952626713801
"5RP4/2" 13.1359748887052 11.7324722451822 12.1019652757979
"5RP4/4" 14.5288078031149 11.7628014481716 12.5265013403439
"5RP4/6" 16.0633008255744 11.7960647532273 13.0058608086298
"5RP4/8" 17.6357324032397 11.8294451355026 13.5516210881431
"5RP4/10" 19.0353123539997 11.858546789452 14.0845145644396
"5RP4/12" 20.7995801507135 11.8950338747444 14.7715439946504
"5RP5/2" 20.9014453518407 19.3098356349868 19.5746564155946
"5RP5/4" 22.8038388366885 19.3532527666486 20.0004344255466
"5RP5/6" 24.8558870390626 19.3998477931951 20.4780813498812
"5RP5/8" 27.0782715748281 19.4500632055612 21.01450847332
"5RP5/10" 29.0972605415179 19.4945478768184 21.5896185963142
"5RP5/12" 31.452102274342 19.5463563720479 22.2662796304718
"5RP6/2" 31.3382171705254 29.349627204762 29.6036357405087
"5RP6/4" 33.6286318689179 29.4038660286405 29.964197662952
"5RP6/6" 36.31366436638 29.4659200877067 30.5051819458635
"5RP6/8" 38.7765875863848 29.5226933421309 31.0128317953864
"5RP6/10" 41.281227784418 29.5798426250921 31.5743700901055
"5RP6/12" 44.2195588431087 29.6461451907258 32.2905584501498
"5RP7/2" 44.2655860097506 42.0406966867682 42.2433246562064
"5RP7/4" 47.1366699116271 42.1099596647029 42.5968084700871
"5RP7/6" 50.5095368689274 42.1900176870017 43.1133966807027
"5RP7/8" 53.9450042223333 42.2715592744014 43.6397515328759
"5RP7/10" 57.0290450014574 42.3431784631977 44.2345539799059
"5RP8/2" 59.9376523448333 57.6764217677626 57.8374670909606
"5RP8/4" 63.7989059630312 57.7717390412971 58.1452552114635
"5RP8/6" 68.0497060435887 57.8749662095745 58.6160584278326
"5RP9/2" 79.4250418946544 76.7633723588853 76.8815973086268
"5R2/2" 3.7180060210448 3.0704948418312 2.64971516384655
"5R2/4" 4.3416488497315 3.09021517430072 2.36490559972128
"5R2/6" 4.99205455717395 3.11004681225321 2.12471606415331
"5R2/8" 5.80869674907169 3.13414857986675 1.88490157371423
"5R3/2" 7.51007347257644 6.43320620581475 5.36606791455767
"5R3/4" 8.59198761449363 6.47209791506453 4.50999947202596
"5R3/6" 9.61092610426559 6.5072555026251 3.81747548781157
"5R3/8" 10.8116851882497 6.54672227985103 3.15330070522299
"5R3/10" 12.1125874436433 6.58703078763283 2.62320024562456
"5R4/2" 13.1703760812484 11.7581003008143 10.1883184510361
"5R4/4" 14.6710349182234 11.8148021943399 8.78765138166122
"5R4/6" 16.149333582428 11.8682995668037 7.5903492342795
"5R4/8" 17.7621543412154 11.9242452895428 6.47124169532894
"5R4/10" 19.3364029823521 11.9768312896885 5.53525858273709
"5R4/12" 20.9904612527556 12.030441876879 4.67876658623087
"5R4/14" 22.9042210466003 12.089928580407 3.88433453823554
"5R5/2" 20.9923046610635 19.3395392452427 17.4580961538801
"5R5/4" 23.054759328596 19.4192267327924 15.3970783248887
"5R5/6" 25.0920397809031 19.4959771246821 13.5131459942564
"5R5/8" 27.2164169432886 19.5727306442357 11.8021973604492
"5R5/10" 29.4633504954321 19.6509691942686 10.2201477842678
"5R5/12" 31.8559155838757 19.7304544118919 8.83132606638607
"5R5/14" 33.9762559996718 19.7994057257962 7.7157692855847
"5R6/2" 31.4527951872344 29.386784017678 26.9578206363675
"5R6/4" 33.9485261616262 29.4858406338387 24.2605375907103
"5R6/6" 36.560151036349 29.5865370204588 21.6669351098267
"5R6/8" 39.0586533615733 29.6784062921532 19.5310312607521
"5R6/10" 41.9061726228172 29.7804733700833 17.3005873642194
"5R6/12" 44.8293226438148 29.8808384636739 15.352195579446
"5R7/2" 44.5456556216983 42.089300746312 39.0413267975906
"5R7/4" 47.5669627565413 42.2117220358425 35.5823382352885
"5R7/6" 50.7749604531385 42.3363793610193 32.3217218689449
"5R7/8" 54.2231093227826 42.4653712333774 29.2035065409894
"5R7/10" 57.6574569684751 42.5904982021479 26.3567527316144
"5R8/2" 60.1965211469562 57.726157049957 54.505814743063
"5R8/4" 64.435176088891 57.9010513414411 49.4097465811527
"5R8/6" 68.4193544592161 58.058226996905 45.1779076054597
"5R9/2" 79.7163177374775 76.8242673414291 72.7513107030191
"5YR2/2" 3.52167202236133 3.07430973891884 1.96418574082841
"5YR2/4" 3.98134219239026 3.09732887735796 1.09812417851712
"5YR3/2" 7.1689511545591 6.43836442845168 4.28867832345577
"5YR3/4" 7.84710812725512 6.47524270399497 2.78530056985431
"5YR3/6" 8.51231319011188 6.50813357161517 1.56454797776062
"5YR4/2" 12.81020226803 11.7723208988584 8.37215589247134
"5YR4/4" 13.8553553994398 11.8330335263652 5.75534996530318
"5YR4/6" 14.7486228852084 11.8808211151879 3.83607954131905
"5YR4/8" 15.589040729286 11.9218622898596 2.33346296484725
"5YR5/2" 20.6396250362538 19.365012172257 14.7865865954277
"5YR5/4" 21.9587836298001 19.4487839341994 10.9313595423524
"5YR5/6" 23.3483440727242 19.5274441908856 7.61147631657629
"5YR5/8" 24.6337756344335 19.5941804528454 5.0066909722886
"5YR5/10" 25.7148416572922 19.6462028334932 3.13341311694058
"5YR5/12" 26.5598664894867 19.6858974543657 1.74410143238129
"5YR6/2" 31.0529522777443 29.4250749746558 23.2011655989402
"5YR6/4" 32.703070862347 29.533590343006 18.0905169813426
"5YR6/6" 34.4217527612533 29.6384658564126 13.397738511044
"5YR6/8" 36.0859469266938 29.7300478385161 9.6247081894467
"5YR6/10" 37.6119999889667 29.8089888266777 6.55458178066934
"5YR6/12" 38.8862121260347 29.8729235641657 4.14415140906706
"5YR6/14" 39.9538346281605 29.9236872637601 2.34148195311108
"5YR7/2" 44.0850026651777 42.1387768606804 34.2986703273971
"5YR7/4" 46.1405130011036 42.2805983973743 27.4184103295484
"5YR7/6" 48.2652868126248 42.4150526177643 21.245693881739
"5YR7/8" 50.2249213694336 42.529493287541 16.2923766035801
"5YR7/10" 52.1610423942613 42.636888636951 11.8371767319044
"5YR7/12" 54.0970655551534 42.7363187511809 7.997811369255
"5YR7/14" 55.6642178536284 42.8153473035542 5.00265453988866
"5YR8/2" 59.9370562254527 57.7994774587636 48.3191873862963
"5YR8/4" 62.6078565707123 57.9892581119464 38.9535250319878
"5YR8/6" 65.1537980307672 58.1532383910689 31.3349263564238
"5YR8/8" 67.8167741791334 58.3172860599597 23.9438846453186
"5YR9/2" 79.3987798103782 76.9176059851331 64.9009777401151
"5Y2/2" 3.0992200564302 3.06788627626001 1.62076503016466
"5Y3/2" 6.44461424560718 6.42642782044457 3.77122749428255
"5Y3/4" 6.55532816261365 6.4529175612718 1.94271561938439
"5Y4/2" 11.7504088997775 11.7593646400907 7.26637929905812
"5Y4/4" 11.8934027706867 11.803355963509 4.14850093588818
"5Y4/6" 12.051494415251 11.8325293180815 2.2066680820077
"5Y5/2" 19.2492697865217 19.3523187227559 13.0030338901482
"5Y5/4" 19.4030883394499 19.4184487437072 8.19448368475744
"5Y5/6" 19.6424519579713 19.4698392930912 4.69601979409286
"5Y5/8" 19.8443784673936 19.5022510517673 2.59091226730821
"5Y6/2" 29.1985168219634 29.4114947069698 20.5631956849889
"5Y6/4" 29.2587710379136 29.4956718169303 14.1727994888163
"5Y6/6" 29.5354681141325 29.569271376645 9.030948765238
"5Y6/8" 29.7710745677313 29.6221078469029 5.41318516283384
"5Y6/10" 29.9803952154157 29.6580942022524 3.04632540128501
"5Y7/2" 41.80189364784 42.1281881199506 30.5767528787396
"5Y7/4" 41.7579023419203 42.2379104201189 22.0033658800271
"5Y7/6" 41.9361275140576 42.3294692347441 15.2767016306093
"5Y7/8" 42.2342588066357 42.4027202509414 10.2044374218044
"5Y7/10" 42.5258978458802 42.4627537447155 6.14150048320599
"5Y7/12" 42.7496585000545 42.502116762552 3.54221010550829
"5Y8/2" 57.2677186900699 57.8012404483916 42.8738252177924
"5Y8/4" 57.044274596629 57.9325453760989 32.274332131227
"5Y8/6" 57.1813623095732 58.0499659013283 23.4657123366992
"5Y8/8" 57.417583049998 58.1466313992783 16.459445252391
"5Y8/10" 57.7147529519615 58.2247252641051 11.0107243332127
"5Y8/12" 57.9838605718579 58.2860871919032 6.80023419754989
"5Y8/14" 58.2332427168534 58.3291719626024 3.96406272518708
"5Y8.5/2" 66.2297666372908 66.8907848860957 49.9624962268719
"5Y8.5/4" 65.9447993030035 67.0382939984395 37.9874130258948
"5Y8.5/6" 66.0260928419827 67.1684365172554 28.0839093090499
"5Y8.5/8" 66.2165654616125 67.2764677020268 20.1076351765578
"5Y8.5/10" 66.4882225521818 67.3628927716922 13.9638389919515
"5Y8.5/12" 66.753862822904 67.4342096318442 8.97654089318569
"5Y8.5/14" 67.0174125762639 67.4866499279422 5.44499338362741
"5Y9/2" 76.1393941705342 76.9249647104312 57.8493033647912
"5Y9/4" 75.8117502090665 77.0928030096475 44.2170872855824
"5Y9/6" 75.813564334175 77.2354143057827 33.1911760383556
"7.5B2/2" 2.77331096425971 3.02499406837847 4.28984022956285
"7.5B2/4" 2.55010979940604 2.99783790647791 5.94616840938152
"7.5B2/6" 2.33665997378791 2.96538855855921 8.03126449437427
"7.5B3/2" 5.87436898146781 6.34972928498872 8.56891774139749
"7.5B3/4" 5.4491994897832 6.30452212981232 11.2196125390109
"7.5B3/6" 5.09049283153682 6.25883784331808 14.0393956673033
"7.5B3/8" 4.72990041251929 6.20507984238978 17.479847134671
"7.5B4/2" 10.9439515771066 11.6448932832519 14.5156101102821
"7.5B4/4" 10.2685742604104 11.5829086121448 17.9662381774572
"7.5B4/6" 9.72768714636227 11.5201428851931 21.7447588254933
"7.5B4/8" 9.11687239509326 11.4448049371504 26.3565334469954
"7.5B4/10" 8.60840052249081 11.3707995083237 31.0687998993938
"7.5B5/2" 18.2078438131039 19.1986114113304 22.8194365931197
"7.5B5/4" 17.2309541430782 19.1170763760783 27.1824103123284
"7.5B5/6" 16.3634752617097 19.0314683708657 32.0779922238675
"7.5B5/8" 15.5376424427819 18.9388757036258 37.5965953686534
"7.5B5/10" 14.7595224046079 18.8402451493502 43.6770624455601
"7.5B6/2" 27.8934812970375 29.2099348447736 33.556211974337
"7.5B6/4" 26.5675940858496 29.1070642855158 38.8751524160236
"7.5B6/6" 25.2608168524886 28.9914259939389 45.2195534488755
"7.5B6/8" 24.1301493415797 28.8737094801164 52.0749461214055
"7.5B6/10" 23.0558799467891 28.7512899688665 59.4062368803776
"7.5B7/2" 40.2104327283293 41.8734233421507 47.1149550596769
"7.5B7/4" 38.2600366571466 41.7383746741699 53.6804636956883
"7.5B7/6" 36.592112915908 41.6022705682584 60.8894054062087
"7.5B7/8" 35.0139644600197 41.4511451306263 69.4386458527316
"7.5B8/2" 55.5454932107315 57.4912626011028 63.4221153172861
"7.5B8/4" 52.7963945297376 57.3114356754419 71.8622324489793
"7.5B9/2" 74.1086280560888 76.5395061635679 83.6215977715957
"7.5BG2/2" 2.63332289890707 3.03106910557485 3.54157792047907
"7.5BG2/4" 2.19348864074593 3.01117738375116 4.20521732610664
"7.5BG2/6" 1.80859170731927 2.99249342566979 4.88471278664526
"7.5BG3/2" 5.59048755019487 6.35945231001899 7.25233326413797
"7.5BG3/4" 4.76340870811642 6.32409748257862 8.34169905221989
"7.5BG3/6" 4.08954206075896 6.29364186171208 9.35688339419559
"7.5BG3/8" 3.46594469487761 6.26438804891412 10.379100186714
"7.5BG4/2" 10.4087716148677 11.6524456324406 12.867100521559
"7.5BG4/4" 9.18071239932755 11.6032451563704 14.2297800580672
"7.5BG4/6" 8.03708108272397 11.5548348953124 15.699262201199
"7.5BG4/8" 6.94938930873306 11.5066416820898 17.2632154003656
"7.5BG5/2" 17.3917778991122 19.2038533815416 20.7909604338641
"7.5BG5/4" 15.728045613697 19.1417970581226 22.2814028707752
"7.5BG5/6" 14.1374818791029 19.0794484910461 23.9399713962816
"7.5BG5/8" 12.5615303347882 19.0137047999143 25.8901799122106
"7.5BG5/10" 11.0184558321549 18.9473384253588 27.9539353460184
"7.5BG6/2" 26.7233372884 29.2112652480741 31.1260337246273
"7.5BG6/4" 24.3151567834585 29.1237739300402 33.1029877855375
"7.5BG6/6" 22.222585363826 29.0442161084246 35.0940784433124
"7.5BG6/8" 20.1992633148714 28.9661664727915 37.1062556350965
"7.5BG7/2" 38.5891691935967 41.8716852446731 44.0248676861091
"7.5BG7/4" 35.5835579350868 41.7667028943231 46.1663507141099
"7.5BG7/6" 33.0542123487744 41.6744700740215 48.2690275272031
"7.5BG7/8" 30.323472651612 41.5728021150193 50.7008651306071
"7.5BG8/2" 53.3706227892612 57.4789842483494 60.0461464382549
"7.5BG8/4" 49.5851874978445 57.35307164585 62.2553869920611
"7.5BG9/2" 71.2189863836118 76.5188126592046 79.4748545924532
"7.5G2/2" 2.62369651646089 3.03995865341495 2.83491688299579
"7.5G2/4" 2.13052317448404 3.03002969792629 2.62195315982472
"7.5G2/6" 1.71383828575059 3.02111933263173 2.48233890088121
"7.5G3/2" 5.55745681231893 6.37556527291587 5.94046660788858
"7.5G3/4" 4.65590641728764 6.35814836749418 5.49440275730781
"7.5G3/6" 3.9186744548118 6.34269531520833 5.2232659687224
"7.5G3/8" 3.31254496977452 6.32935037575526 5.04983642595461
"7.5G4/2" 10.3391266338117 11.6759264267006 10.9125861427874
"7.5G4/4" 8.95936287446149 11.6498517975472 10.1849955643812
"7.5G4/6" 7.7072400395591 11.6246016428784 9.64750383613951
"7.5G4/8" 6.62108969493285 11.6016454820636 9.26269591074294
"7.5G4/10" 5.61758858387834 11.579927879696 8.94647826517781
"7.5G5/2" 17.265809254774 19.2365810124664 18.009276740822
"7.5G5/4" 15.4033912729124 19.2021677069109 16.9666520308559
"7.5G5/6" 13.7290832192246 19.1695956114978 16.1557581759111
"7.5G5/8" 12.0366797074398 19.1354395304015 15.4313795112857
"7.5G5/10" 10.5979713636484 19.1050045314864 14.9237845905406
"7.5G6/2" 26.4546502578088 29.2518178640769 27.4553169212687
"7.5G6/4" 23.8480421446593 29.2049166651946 25.8983918077449
"7.5G6/6" 21.6955868690175 29.1634566172004 24.8239086120934
"7.5G6/8" 19.6213990835926 29.1234721527237 23.790969444834
"7.5G6/10" 17.6757653850462 29.0840183877243 22.9726657855622
"7.5G7/2" 38.213701171455 41.9213604607546 39.4362360249298
"7.5G7/4" 35.0951112172098 41.8662209326015 37.4981866150398
"7.5G7/6" 32.3069885530401 41.8152492370715 35.8950605316036
"7.5G7/8" 29.580050395448 41.763437779463 34.4785705442555
"7.5G8/2" 52.714745342474 57.5376569769668 54.203946673093
"7.5G8/4" 48.8264611327131 57.4708192867535 51.6397944124981
"7.5G8/6" 44.9431175298132 57.4013818604807 49.28653135349
"7.5G9/2" 70.3751795566416 76.5917663287678 72.1544002271228
"7.5GY2/2" 2.7205166996434 3.0499281870609 2.25644031571639
"7.5GY2/4" 2.31833869547467 3.05145027752778 1.33883529690097
"7.5GY3/2" 5.74135327367407 6.3960045331505 4.72544915108218
"7.5GY3/4" 5.07434404286272 6.39986431128831 3.10032838348785
"7.5GY3/6" 4.514348300937 6.40126625821934 1.87813345040291
"7.5GY4/2" 10.6382282794438 11.7103926949064 8.84185384972209
"7.5GY4/4" 9.59624379645813 11.7185779029698 6.136421765795
"7.5GY4/6" 8.69060068576619 11.7225531985381 4.02775088395776
"7.5GY4/8" 7.87780607579574 11.7230480747289 2.37291995805712
"7.5GY5/2" 17.7430829881327 19.2886935762349 14.9281489912822
"7.5GY5/4" 16.3723816633123 19.3015851392707 11.2049477410616
"7.5GY5/6" 15.067960127927 19.3103163046322 7.93533359823405
"7.5GY5/8" 13.9182027557014 19.3139956675891 5.36403417331898
"7.5GY5/10" 12.8584316995578 19.3142194604318 3.23896030471243
"7.5GY6/2" 27.092695396236 29.3284870810153 22.7947405074433
"7.5GY6/4" 25.3290546680059 29.3478221313035 17.7916892737848
"7.5GY6/6" 23.6879275794109 29.3617324550984 13.4518508208949
"7.5GY6/8" 22.0558934413826 29.3702483143107 9.54730366892316
"7.5GY6/10" 20.640431466692 29.3728610621599 6.5300393111801
"7.5GY6/12" 19.4174257834314 29.3714950312394 4.20326661684022
"7.5GY7/2" 39.1361760562942 42.0238077531578 33.3476890487633
"7.5GY7/4" 36.8549417905606 42.0506815906072 26.7321545366389
"7.5GY7/6" 34.8180082161908 42.071827952272 21.0454681431177
"7.5GY7/8" 32.8378365880763 42.0858894632081 16.0196153479379
"7.5GY7/10" 30.9157057151069 42.0938831559464 11.5784825358268
"7.5GY8/2" 53.9825095072718 57.675238636694 46.0848588228059
"7.5GY8/4" 51.0488631305203 57.7099244042443 37.5675772061682
"7.5GY8/6" 48.4246416832544 57.7394853736727 30.0620575862975
"7.5GY8/8" 46.0932982448713 57.7626742455406 23.6318557972197
"7.5GY8/10" 43.7596695054725 57.7755646727765 17.9935877424424
"7.5GY9/2" 71.98715940881 76.7730602516885 61.3392240848573
"7.5GY9/4" 68.3924798904509 76.8227266675021 50.3486223633946
"7.5PB2/2" 3.2043651443523 3.03081717863908 4.69680087278769
"7.5PB2/4" 3.37406717915788 3.01171071072511 6.51200828659563
"7.5PB2/6" 3.59402637844932 2.98962504234494 8.65758212869948
"7.5PB2/8" 3.86834395012336 2.96397637347172 11.1868301789777
"7.5PB2/10" 4.24650006584985 2.93697762398083 14.0270163214961
"7.5PB3/2" 6.6355607846553 6.36213515887276 9.12337592549846
"7.5PB3/4" 6.87398889939071 6.33081755672919 12.0196776469812
"7.5PB3/6" 7.16482180110569 6.29649784687226 15.2523888174128
"7.5PB3/8" 7.49844765699753 6.26097787164589 18.6630385762828
"7.5PB3/10" 7.90360471963383 6.21935983918917 22.6875779923124
"7.5PB3/12" 8.40918002219193 6.17805951437348 26.8872666032409
"7.5PB4/2" 11.9828855680048 11.6631882273956 15.1670072482197
"7.5PB4/4" 12.2766476477617 11.6232563136835 18.8395905640637
"7.5PB4/6" 12.5927645440104 11.5780656593471 22.963344690513
"7.5PB4/8" 12.9933693554128 11.5269195808342 27.7157267121259
"7.5PB4/10" 13.4285648364035 11.4710116242745 32.9051880657683
"7.5PB4/12" 13.9260040731699 11.4126093910153 38.4113519597542
"7.5PB5/2" 19.5695318742801 19.2260827832732 23.4030529226534
"7.5PB5/4" 19.8633503936802 19.1730720396683 28.0872616816387
"7.5PB5/6" 20.2970840736678 19.1099639748002 33.8306701196747
"7.5PB5/8" 20.788635502871 19.0462007249205 39.7397434101591
"7.5PB5/10" 21.2365111145539 18.9781291702215 45.8951535348591
"7.5PB6/2" 29.6233211489776 29.2466536380167 34.1568478523959
"7.5PB6/4" 29.9800207558829 29.1793499604573 40.0715317161399
"7.5PB6/6" 30.4725867788382 29.0988085002051 47.2802452035186
"7.5PB6/8" 30.9563046235541 29.0202823932811 54.3154937714998
"7.5PB6/10" 31.5402869866879 28.9323438113285 62.2781155137584
"7.5PB7/2" 42.316759010206 41.9225658763345 47.5035314410904
"7.5PB7/4" 42.6935539182529 41.8340684929139 55.0972981241697
"7.5PB7/6" 43.2249836813001 41.7340405477419 63.8903867422573
"7.5PB7/8" 43.8847066213667 41.6214679194733 73.9088385241813
"7.5PB8/2" 57.9406047105685 57.5493132572185 63.6961013559326
"7.5PB8/4" 58.369671466813 57.4321611828181 73.6099769873421
"7.5PB9/2" 77.0158713225186 76.6139037091832 83.6498924214253
"7.5P2/2" 3.57349476530958 3.04714985244552 4.16779369014266
"7.5P2/4" 4.02012858955043 3.04611252157417 5.13632517298737
"7.5P2/6" 4.47650613251528 3.04478208581951 6.14690447268466
"7.5P3/2" 7.29260843414596 6.39061624860482 8.22745019040549
"7.5P3/4" 8.07692751491262 6.38940750352427 9.88085691009321
"7.5P3/6" 8.87114878995787 6.38796805956855 11.5718001728324
"7.5P3/8" 9.77930517538126 6.38556193283115 13.5641105803696
"7.5P3/10" 10.6980741191725 6.38305030238083 15.5856878052508
"7.5P4/2" 12.8433222899779 11.7002553853414 14.0115553612026
"7.5P4/4" 13.9046288991312 11.6993130729977 16.1952533777719
"7.5P4/6" 14.9953412761302 11.6983107117733 18.4420803333892
"7.5P4/8" 16.1515593396367 11.6966871440607 20.8672346967514
"7.5P4/10" 17.3568441407039 11.6947523732173 23.4140456654355
"7.5P4/12" 18.6457132420405 11.6922441937715 26.1714437016863
"7.5P5/2" 20.5435298201139 19.2731661380611 21.6988116018984
"7.5P5/4" 22.0040630183433 19.2733588888989 24.5887410541589
"7.5P5/6" 23.5482146450773 19.2723442970729 27.7383537412586
"7.5P5/8" 25.2026646185632 19.2714044078284 31.1015599938404
"7.5P5/10" 26.7095487808253 19.269814311398 34.2215612447225
"7.5P6/2" 30.939633111081 29.3044462756697 32.3051776633172
"7.5P6/4" 32.6205832625981 29.3056691792568 35.5538199816538
"7.5P6/6" 34.6705479110672 29.304652070846 39.7096326802036
"7.5P6/8" 36.6037130835719 29.3050244612878 43.5256808506617
"7.5P6/10" 38.7763763998949 29.3030758056965 47.9975730491449
"7.5P7/2" 43.753024145893 41.9907365508248 45.0878000814592
"7.5P7/4" 46.0472656549112 41.9935650600679 49.4320330265284
"7.5P7/6" 48.4541607575716 41.9954372412172 54.0742834945416
"7.5P7/8" 51.0303445637756 41.9962141321003 59.1379396652307
"7.5P8/2" 59.3928072926803 57.6250502967951 60.7268871465514
"7.5P8/4" 62.5358723983958 57.6325686768805 66.3966216889565
"7.5P8/6" 65.3113523661578 57.6348320711693 71.7416898022204
"7.5P9/2" 78.7881773006464 76.7026094866268 80.3143292677115
"7.5RP2/2" 3.72358413765058 3.0628544975775 3.25171158469243
"7.5RP2/4" 4.29734738083839 3.0748031255149 3.4687586594826
"7.5RP2/6" 4.90169075964776 3.08722170294733 3.71028042711419
"7.5RP2/8" 5.66214251809893 3.10239421760946 4.0492954905456
"7.5RP3/2" 7.51571354127295 6.42007458217952 6.39288162361059
"7.5RP3/4" 8.58871476433122 6.44680470743384 6.45966002463117
"7.5RP3/6" 9.66021017516798 6.47281188861981 6.57935583406902
"7.5RP3/8" 10.8693940323151 6.50144652194522 6.76969208038972
"7.5RP3/10" 12.0641522425187 6.52942915422249 6.98176291853977
"7.5RP4/2" 13.1778537519301 11.7408221510041 11.5394781650158
"7.5RP4/4" 14.6147667506861 11.7791142877492 11.4358334164097
"7.5RP4/6" 16.1693822403609 11.8198176976598 11.379798504373
"7.5RP4/8" 17.7995864876196 11.8612761399793 11.4157071511086
"7.5RP4/10" 19.3270652372443 11.8993929854609 11.5057445043762
"7.5RP4/12" 21.0809175794653 11.94224698622 11.6796432314811
"7.5RP5/2" 20.956901912876 19.3189071582463 18.9833641243787
"7.5RP5/4" 22.9429293758465 19.3742120312687 18.6560860144238
"7.5RP5/6" 25.0457581452425 19.430795806774 18.4622026305835
"7.5RP5/8" 27.2896590393156 19.489847587426 18.3580210280572
"7.5RP5/10" 29.3509679943021 19.5436016819447 18.3004061567658
"7.5RP5/12" 31.896791575596 19.6082099325561 18.3669790279383
"7.5RP5/14" 34.0395983286998 19.6620686337827 18.4633638834282
"7.5RP6/2" 31.3634640104246 29.3595628249755 28.8854306752771
"7.5RP6/4" 33.7515242683234 29.4268537670986 28.430751346489
"7.5RP6/6" 36.5591922822048 29.5043751377113 28.0194061988965
"7.5RP6/8" 38.9275794975282 29.5689839632945 27.7330335673124
"7.5RP6/10" 41.6878274891169 29.6427014027121 27.5215703298765
"7.5RP6/12" 44.6475261268221 29.7195378193243 27.4655712031089
"7.5RP7/2" 44.3582074879628 42.0536319335605 41.4271298774112
"7.5RP7/4" 47.2858085055495 42.1376587346149 40.751189782112
"7.5RP7/6" 50.7157994794867 42.2337767000767 40.139319565431
"7.5RP7/8" 54.1150297125573 42.3267337730837 39.7107322580639
"7.5RP8/2" 60.0420555688547 57.6901321695832 56.9847546017084
"7.5RP8/4" 64.0536891919844 57.8067080543891 55.9474964029303
"7.5RP8/6" 68.3298907613945 57.9280563150104 55.0673399174929
"7.5RP9/2" 79.5371560946101 76.7797845521335 75.8352652624887
"7.5R2/2" 3.70046552771942 3.0721428287179 2.48737422639567
"7.5R2/4" 4.31691651167907 3.09391901888239 2.02926140764725
"7.5R2/6" 4.94393753687419 3.11496141966731 1.64892228913906
"7.5R2/8" 5.69880773644837 3.13882565484478 1.30462092775061
"7.5R3/2" 7.47712189916321 6.43580253389835 5.09973161352694
"7.5R3/4" 8.50330510994619 6.47609157338937 4.0247514529698
"7.5R3/6" 9.49930334433122 6.51275843460857 3.16987505388388
"7.5R3/8" 10.6196926474023 6.55185943352519 2.37414298574788
"7.5R3/10" 11.8149095020509 6.59122010478509 1.70715153741735
"7.5R3/12" 13.1604748190168 6.63219429118337 1.2143974934665
"7.5R4/2" 13.1472637405696 11.7615682480992 9.87414048564423
"7.5R4/4" 14.6249748731895 11.8220983971255 8.13175675343736
"7.5R4/6" 16.055727188462 11.8780172891216 6.65261057955178
"7.5R4/8" 17.5952181393937 11.9354516712054 5.27252576194183
"7.5R4/10" 19.0789595500378 11.9879090861652 4.16647866092215
"7.5R4/12" 20.6376259466249 12.0406053426276 3.1909770173656
"7.5R4/14" 22.3239624258177 12.0953016010924 2.31471723378246
"7.5R4/16" 24.0319543815548 12.1475744272446 1.66895536878804
"7.5R5/2" 20.9750001524777 19.3462282599115 16.9063528289286
"7.5R5/4" 22.9745000202036 19.4305505890926 14.3616675558566
"7.5R5/6" 24.9317749324855 19.5108812848662 12.0417134370238
"7.5R5/8" 26.9961428097962 19.5920938306359 9.86655317462727
"7.5R5/10" 29.1201524543335 19.6705687589763 8.02174029581851
"7.5R5/12" 31.3581097606311 19.749248884085 6.38768667546854
"7.5R5/14" 33.4323276294733 19.8204229216765 5.00849246789557
"7.5R5/16" 35.7434296130175 19.8964247016104 3.7270579047321
"7.5R6/2" 31.4712638007392 29.3988748659766 26.0594496777133
"7.5R6/4" 33.8714602760224 29.5035183228047 22.7400744697281
"7.5R6/6" 36.2983345531939 29.6045611053299 19.7522336015809
"7.5R6/8" 38.8137994187259 29.7067688058974 16.8504950308262
"7.5R6/10" 41.6041946268859 29.8148551224132 14.0409115029818
"7.5R6/12" 44.2253298054723 29.9133132684366 11.639328876587
"7.5R7/2" 44.5574723374948 42.1026841608338 38.0297592357914
"7.5R7/4" 47.5486495084949 42.2362388604087 33.6497906116408
"7.5R7/6" 50.5579781016213 42.3662989379527 29.576196259871
"7.5R7/8" 54.0057787271769 42.5083276557258 25.4490221906955
"7.5R7/10" 57.154264869772 42.633422862358 22.0361783827851
"7.5R8/2" 60.1948907520061 57.740978711162 53.3562687737382
"7.5R8/4" 64.4247089291283 57.9323549256452 46.9679177797421
"7.5R8/6" 68.3284806310416 58.1038665808396 41.4674165886017
"7.5R9/2" 79.7880085247589 76.844268750727 71.3469920168264
"7.5YR2/2" 3.42321370990013 3.07371316279781 1.81450223520725
"7.5YR2/4" 3.77684090640023 3.09489071868428 0.879960589958204
"7.5YR3/2" 7.02851101077901 6.43731273445942 4.09069635701124
"7.5YR3/4" 7.55935764919596 6.47195476471071 2.46728547782918
"7.5YR3/6" 8.03938005429887 6.49986673160369 1.26329219038427
"7.5YR4/2" 12.6340266823546 11.7723443749899 8.01994677080604
"7.5YR4/4" 13.4730548448446 11.8307619572181 5.17067958026437
"7.5YR4/6" 14.1651502378603 11.8733669583242 3.25212036478984
"7.5YR4/8" 14.7459210774572 11.9070195133828 1.80452886900206
"7.5YR5/2" 20.415058328331 19.3656462851904 14.2909064718367
"7.5YR5/4" 21.523374138049 19.4483054976983 10.10238103962
"7.5YR5/6" 22.6288635037537 19.5213291928688 6.65344245004415
"7.5YR5/8" 23.5520653145566 19.577775631899 4.12403489244743
"7.5YR5/10" 24.2344953115166 19.6178344958479 2.38316985193713
"7.5YR6/2" 30.7587393790771 29.4273796680677 22.4377647664299
"7.5YR6/4" 32.125017625073 29.5337465833715 16.9287503261241
"7.5YR6/6" 33.459144491489 29.6307055773531 12.0833965053717
"7.5YR6/8" 34.7238192174125 29.7131235616513 8.2245079486845
"7.5YR6/10" 35.7939491828928 29.7797579482022 5.19939088970144
"7.5YR6/12" 36.6671203250043 29.8299518168224 3.05405005852107
"7.5YR6/14" 37.2704043127487 29.8647641467042 1.56153801649879
"7.5YR7/2" 43.7060566051816 42.1438752396509 33.1506818480608
"7.5YR7/4" 45.406510258285 42.2830879766354 25.7660177921786
"7.5YR7/6" 47.020364624473 42.4076476722002 19.3423797533618
"7.5YR7/8" 48.5223604344431 42.5127975124296 14.1974205880816
"7.5YR7/10" 49.9324054899726 42.6049454293975 9.87514693618888
"7.5YR7/12" 51.2734603985427 42.6858531673717 6.28497204273844
"7.5YR7/14" 52.2643532476927 42.7448882327094 3.68999070634984
"7.5YR7/16" 52.9688477215616 42.7856923222003 1.93537389289225
"7.5YR8/2" 59.5152568784547 57.8108317457393 46.6021382797576
"7.5YR8/4" 61.5014300715285 57.9862518180216 36.9854727620333
"7.5YR8/6" 63.588823574683 58.1441625306939 28.9242922597709
"7.5YR8/8" 65.5917876883394 58.2905457047732 21.5867279080907
"7.5YR8/10" 67.2881006800571 58.4071415988082 15.9430091000164
"7.5YR9/2" 78.8975533629084 76.9371234183924 62.3946214965084
"7.5Y2/2" 3.00248197076951 3.06482204905619 1.66535033469545
"7.5Y3/2" 6.29262823087277 6.42239531774469 3.78081703006019
"7.5Y3/4" 6.25457389727715 6.44556343683132 1.91331512051292
"7.5Y4/2" 11.5110129808248 11.7530897901134 7.27554287345585
"7.5Y4/4" 11.4160070752786 11.792000483383 4.07724421476449
"7.5Y4/6" 11.3935818201424 11.8168790685313 2.10853980387166
"7.5Y5/2" 18.9786374887898 19.3456814867332 12.9780986493495
"7.5Y5/4" 18.7957074689949 19.4042913744845 8.08139837689754
"7.5Y5/6" 18.6997542900779 19.4476569031368 4.53667992573299
"7.5Y5/8" 18.6811159848503 19.4745756765072 2.41771972443918
"7.5Y6/2" 28.8102358160587 29.4025812255074 20.4803145674281
"7.5Y6/4" 28.534890200914 29.4792317262936 14.0045538725763
"7.5Y6/6" 28.3596016198597 29.5425322580922 8.76027841414795
"7.5Y6/8" 28.2881205265345 29.5875355651229 5.13756685709392
"7.5Y6/10" 28.2926169878235 29.6174329259943 2.8342559548109
"7.5Y7/2" 41.3103815062475 42.1168605254001 30.4752634662291
"7.5Y7/4" 40.8843462320055 42.2181475382165 21.7944167142254
"7.5Y7/6" 40.6240361993188 42.2986627758658 15.0496623958789
"7.5Y7/8" 40.4477653618245 42.3615755725546 9.83342066878089
"7.5Y7/10" 40.3910708061846 42.4122256864122 5.80339535376068
"7.5Y7/12" 40.3810515939377 42.4439852242463 3.32719413844689
"7.5Y8/2" 56.6688217212851 57.7904685549666 42.5157816501027
"7.5Y8/4" 56.1064525611079 57.9132605009378 31.9005963330569
"7.5Y8/6" 55.6740800010028 58.0163303835423 23.0692587595848
"7.5Y8/8" 55.3772422073454 58.1006929621272 15.9543025062209
"7.5Y8/10" 55.2067402548868 58.1657455418763 10.584044197399
"7.5Y8/12" 55.1972043540269 58.2192799797626 6.42473931279239
"7.5Y8.5/2" 65.5567011133451 66.8792645135562 49.514826893743
"7.5Y8.5/4" 64.870201012036 67.0159607161078 37.5774075852268
"7.5Y8.5/6" 64.3766821555347 67.1318309210583 27.6344833928736
"7.5Y8.5/8" 64.0373722160086 67.2272635177475 19.5789025772542
"7.5Y8.5/10" 63.8410590201972 67.3012961769589 13.4627916661991
"7.5Y8.5/12" 63.7935377647176 67.3643548507425 8.49133632470149
"7.5Y9/2" 75.3660955247447 76.9122507919814 57.2945901123604
"7.5Y9/4" 74.5495330757879 77.0658027497033 43.7948718017509
"7.5Y9/6" 73.9704190961426 77.1942684634466 32.7075752409568
"10B2/2" 2.8598146595075 3.0249784102667 4.46309737323459
"10B2/4" 2.69508329498384 2.99800092733681 6.22189644563419
"10B2/6" 2.53453139591707 2.96519615401198 8.4396890801242
"10B3/2" 6.02173643200879 6.35030030555869 8.8178524975508
"10B3/4" 5.72000403416136 6.30680777576148 11.5814411665512
"10B3/6" 5.45940642318302 6.26039877833958 14.6524011366187
"10B3/8" 5.18894370546794 6.20694964984301 18.2482223620206
"10B3/10" 4.92881412193477 6.14891483863619 22.2192505017012
"10B4/2" 11.161492591845 11.6473783281443 14.7560820895143
"10B4/4" 10.6670197580215 11.5875607596823 18.3989057503866
"10B4/6" 10.252979343741 11.5259227252902 22.3424948202801
"10B4/8" 9.81866634953193 11.4515659109108 27.2294310300541
"10B4/10" 9.42504629955199 11.3770647601304 32.2084638811741
"10B5/2" 18.5303314411911 19.2024218273197 23.1661317731672
"10B5/4" 17.8008253646684 19.1241449029887 27.7691422952693
"10B5/6" 17.1627648165439 19.0406158311893 32.9602273933715
"10B5/8" 16.5190942798254 18.9479139998108 38.8495736153552
"10B5/10" 15.9317343591206 18.8479594333428 45.4118399218197
"10B5/12" 15.2918002523662 18.7356860552528 52.8222756498827
"10B6/2" 28.2895622185878 29.2157100703533 33.8973181165116
"10B6/4" 27.3162301783152 29.1184591191024 39.4828322845084
"10B6/6" 26.3373721674003 29.0050983118244 46.3032878547099
"10B6/8" 25.4875587201198 28.8883808730189 53.6399995719681
"10B6/10" 24.6701165216041 28.7661797419404 61.4652013604851
"10B7/2" 40.7444565737908 41.8835486561211 47.3939795411542
"10B7/4" 39.3027561574873 41.7543222217775 54.5209368050181
"10B7/6" 38.0289924163139 41.619490813261 62.4153884807354
"10B7/8" 36.8519800781115 41.4697676344565 71.653993361718
"10B8/2" 56.0651552306557 57.5002486825451 63.7606836760034
"10B8/4" 54.2024996891058 57.330137479395 73.2124254388537
"10B8/6" 52.3825725512638 57.1502750903624 83.5033033022592
"10B9/2" 74.6802195514208 76.5506640829116 83.8954786736901
"10BG2/2" 2.65662932743546 3.02886705075969 3.75823812123729
"10BG2/4" 2.25509885029167 3.00599459088437 4.72858893231213
"10BG2/6" 1.89050831404579 2.98300527653829 5.78144663685128
"10BG3/2" 5.62322532730758 6.3556608036778 7.61067911372623
"10BG3/4" 4.8796598293643 6.31634786518241 9.17226282416154
"10BG3/6" 4.24563311108097 6.27945617714409 10.7644480238831
"10BG3/8" 3.64762226280998 6.24338623201235 12.3647113746385
"10BG4/2" 10.4916601228968 11.6481818561729 13.3617157804113
"10BG4/4" 9.34681920439644 11.5926835867135 15.3769768269888
"10BG4/6" 8.31579876830805 11.5381081659076 17.5472411825172
"10BG4/8" 7.28707765285779 11.4800875240098 19.988531102835
"10BG5/2" 17.5483515740655 19.1991266350205 21.4679332218813
"10BG5/4" 16.001295398274 19.1282248638116 23.8745359132731
"10BG5/6" 14.499187146897 19.05425726234 26.6076454750235
"10BG5/8" 13.0226591388131 18.9789873625578 29.492350673715
"10BG5/10" 11.5531436716875 18.9003616152143 32.6505433790356
"10BG6/2" 26.9241250714966 29.2060155847108 31.9313856637932
"10BG6/4" 24.7220518625099 29.1095123627994 35.0152422492919
"10BG6/6" 22.6705888114397 29.0147470377543 38.2642370729321
"10BG6/8" 20.8003448667811 28.9248876244595 41.4942344806404
"10BG7/2" 38.9111151361417 41.8659559435849 45.1082846708327
"10BG7/4" 36.0210543654395 41.7466282871306 48.5890467825435
"10BG7/6" 33.6120220155438 41.6414298830492 51.9337678982724
"10BG7/8" 30.9990335833675 41.5211184776186 56.0416787026325
"10BG8/2" 53.7475137700441 57.4737177668263 61.2030486017527
"10BG8/4" 49.9928893250415 57.3251713782309 65.2240594113957
"10BG9/2" 71.7309323417644 76.5138764005316 80.874826614644
"10G2/2" 2.6191614170709 3.03812255776669 2.96790022313893
"10G2/4" 2.12113840774194 3.02612574068121 2.90521891591899
"10G2/6" 1.72053690360658 3.0160824612374 2.88521198139547
"10G3/2" 5.54728260781935 6.37197641502679 6.19779256124986
"10G3/4" 4.63407743220547 6.35059405187843 6.03523609451673
"10G3/6" 3.91741097998369 6.33319496520886 5.95550757619945
"10G3/8" 3.3028823677257 6.31785478599879 5.91968441814819
"10G4/2" 10.3203488373076 11.6704003069813 11.3026278260578
"10G4/4" 8.94141944988951 11.6390004439631 10.9885488766356
"10G4/6" 7.7112175017184 11.609962438429 10.7876067024694
"10G4/8" 6.61596202179481 11.5834146287165 10.6624668450554
"10G4/10" 5.6197445591326 11.5586929629458 10.5930690160891
"10G5/2" 17.2677762098804 19.228398912176 18.6459902327637
"10G5/4" 15.394575896239 19.186885434382 18.131046087854
"10G5/6" 13.7584701036446 19.149764354285 17.7479494999323
"10G5/8" 12.0390422517508 19.1097232035264 17.4249721602696
"10G5/10" 10.6028653920859 19.0755271496916 17.2132910548766
"10G6/2" 26.487420022256 29.2415016065579 28.3183488936649
"10G6/4" 23.8294201880606 29.184074196853 27.4733057276886
"10G6/6" 21.7128677653917 29.137058935334 26.8998680024478
"10G6/8" 19.5880721635572 29.0893019990923 26.3673964420595
"10G6/10" 17.5989144201216 29.0437393378719 25.9349887311205
"10G7/2" 38.2373507002642 41.9076749962154 40.5417024373608
"10G7/4" 35.1193169923257 41.8420910630549 39.4125268169683
"10G7/6" 32.2818412006753 41.7809930132384 38.4944124179781
"10G7/8" 29.5334237916402 41.7199285605712 37.7508267606936
"10G8/2" 52.7613402550904 57.5209852784646 55.5860034134925
"10G8/4" 48.8103625141591 57.4387306995831 54.089498778434
"10G8/6" 45.0130983550205 57.3577649635897 52.7990344576686
"10G9/2" 70.4289138661823 76.5714773136815 73.8304187204225
"10GY2/2" 2.68277740356755 3.04684596769915 2.41975910539713
"10GY2/4" 2.22645049839011 3.0444482892466 1.69761187002001
"10GY3/2" 5.66453770774201 6.38982428560388 5.05065028965455
"10GY3/4" 4.90263097130958 6.38738819894657 3.72370951720469
"10GY3/6" 4.23949604939116 6.38417922852918 2.65298943018079
"10GY4/2" 10.5216194574325 11.7009820205632 9.33775100506424
"10GY4/4" 9.34073609353754 11.6991029059611 7.13443663455627
"10GY4/6" 8.23605119367472 11.6953750812678 5.22565120619075
"10GY4/8" 7.27149343890844 11.689771732828 3.74061545867237
"10GY5/2" 17.5308030206711 19.2725825723509 15.7519686536886
"10GY5/4" 15.9501585472251 19.2715605080042 12.687290228072
"10GY5/6" 14.4786508557005 19.2699083658135 9.8884026745562
"10GY5/8" 13.0625435207464 19.2645745221163 7.48444202341404
"10GY5/10" 11.7587616920449 19.2567679406736 5.49512508135489
"10GY5/12" 10.4831914436258 19.2456722157831 3.81629927969567
"10GY6/2" 26.7581682946077 29.302988767048 24.1014363689954
"10GY6/4" 24.7080252453343 29.304840639293 19.8807084405192
"10GY6/6" 22.781358859645 29.3040837861285 16.1073198719913
"10GY6/8" 20.8945249914532 29.2993236101587 12.7227696245389
"10GY6/10" 19.1961818961321 29.2912016597339 9.97310512077514
"10GY6/12" 17.56259590482 29.2802400237104 7.57185575664879
"10GY7/2" 38.6875118550091 41.990582191513 35.0250022780746
"10GY7/4" 36.0227144950616 41.9950330690044 29.3807894839787
"10GY7/6" 33.6752714221535 41.9960516725478 24.6332099246385
"10GY7/8" 31.297389090337 41.9925711724459 20.173049560216
"10GY7/10" 29.0170727747263 41.9843383454112 16.2744807497327
"10GY8/2" 53.3098373021013 57.6294428332155 48.2888243792882
"10GY8/4" 50.0130318917625 57.6375169775307 41.1073959619977
"10GY8/6" 46.811194124871 57.6392360053776 34.6063505387752
"10GY8/8" 44.0403694747257 57.6352407116902 29.4044859645192
"10GY9/2" 71.1272745200489 76.7113091564367 64.4048225875578
"10GY9/4" 66.9288126101348 76.7228951971031 55.1584913818711
"10PB2/2" 3.33814482775579 3.0348971751078 4.64732783028575
"10PB2/4" 3.62571994246597 3.0217279878428 6.23778389131799
"10PB2/6" 3.9471830266024 3.00721010361059 7.99994718460853
"10PB2/8" 4.34430135503857 2.98886520026105 10.2085609056203
"10PB2/10" 4.80784801152349 2.97101822594674 12.5107834241492
"10PB3/2" 6.85552494430804 6.36844180702799 9.07310549834682
"10PB3/4" 7.28822007617666 6.34570797905162 11.6919157436837
"10PB3/6" 7.76993934801995 6.32172449297031 14.5048777281555
"10PB3/8" 8.3126098439303 6.29561333381736 17.6036185262423
"10PB3/10" 8.96038801126713 6.26549633023297 21.2212176286355
"10PB4/2" 12.2676419544715 11.6710779144978 15.1231694875774
"10PB4/4" 12.8124147266099 11.6413519345318 18.5056607481036
"10PB4/6" 13.4246132610482 11.6072448366206 22.361088774008
"10PB4/8" 14.0919358193161 11.5709086380863 26.4985503452893
"10PB4/10" 14.8201224870137 11.5306978840733 31.056720885101
"10PB4/12" 15.6617277701751 11.4887299924241 35.9763648853821
"10PB5/2" 19.8806872798549 19.2365446741107 23.2127863046785
"10PB5/4" 20.5509811435902 19.1957793127478 27.6987077328588
"10PB5/6" 21.3921068799023 19.1475801731316 33.0993210123258
"10PB5/8" 22.1765202527187 19.0990167487059 38.4153134497237
"10PB5/10" 23.1040336641165 19.0502278829949 44.0333513853887
"10PB6/2" 29.9928596168053 29.2592316053962 33.9190418068984
"10PB6/4" 30.7760862711201 29.2059182124809 39.6000352814484
"10PB6/6" 31.7164922771321 29.1444893264908 46.2212909154169
"10PB6/8" 32.6592740775773 29.0843039868725 52.7510961957051
"10PB6/10" 33.7720201031081 29.0178192247999 60.1061369009005
"10PB7/2" 42.7024066811904 41.9349512974438 47.3126562710399
"10PB7/4" 43.6619842079816 41.8643693994328 54.6799334012443
"10PB7/6" 44.7608367235317 41.7892500580483 62.6751375178679
"10PB7/8" 46.0693507710675 41.7052964216373 71.7705769151431
"10PB8/2" 58.4116950877437 57.5669088803912 63.2722065189834
"10PB8/4" 59.5254564383984 57.4752108277711 72.5792557108185
"10PB9/2" 77.5882199631338 76.6362171353496 83.0625152992199
"10P2/2" 3.62717114862528 3.0510691350101 3.97143373655472
"10P2/4" 4.10182279359704 3.05305596018064 4.76180210696495
"10P2/6" 4.60613026689801 3.05487441899604 5.62417400306627
"10P3/2" 7.36969464512508 6.39780483763172 7.82480247523174
"10P3/4" 8.25196261436676 6.40326299501861 9.15740210417653
"10P3/6" 9.11152700125948 6.40794818473088 10.5046279661002
"10P3/8" 10.1189089667919 6.41321488094388 12.1008728594205
"10P3/10" 11.1434133701417 6.41799271542364 13.7689807966317
"10P4/2" 12.9609510394924 11.7108923112065 13.4228487639552
"10P4/4" 14.1774739528421 11.7203578385104 15.1103150810872
"10P4/6" 15.4181558238244 11.7293174905933 16.8849551095293
"10P4/8" 16.7084146868687 11.7382528476824 18.7600771840246
"10P4/10" 18.0200037535682 11.7469100266429 20.6991368634203
"10P4/12" 19.4542340131455 11.7564377155355 22.8147911183988
"10P5/2" 20.6788788383728 19.2842551039446 21.1103879784692
"10P5/4" 22.3004753324951 19.2990527310203 23.1911170595078
"10P5/6" 24.0860627143444 19.3144096927087 25.5547468379367
"10P5/8" 25.950103759349 19.3292465629223 28.1146358897311
"10P5/10" 27.6548228652344 19.3422399150642 30.5002286631414
"10P5/12" 29.6268700060327 19.3567270236541 33.3019801979372
"10P6/2" 31.102804278547 29.318881896822 31.5132597551443
"10P6/4" 32.9987044079323 29.334500604854 34.076045826286
"10P6/6" 35.3138264961315 29.3561709293977 37.0045869672837
"10P6/8" 37.439598750864 29.3743461543471 39.82684258666
"10P6/10" 39.838294573498 29.3950307445755 42.9978389408572
"10P7/2" 43.9499707768069 42.0059486359802 44.3030062651319
"10P7/4" 46.5277482728504 42.0319412510153 47.4196547730619
"10P7/6" 49.304958745965 42.058689466408 50.8745151797048
"10P7/8" 52.240133848531 42.0849912231342 54.6780785138683
"10P8/2" 59.6185517049687 57.6421690915166 59.8519044823413
"10P8/4" 63.0079687916162 57.6778153720495 63.8362012238107
"10P8/6" 66.5081498472987 57.711859180824 68.1647298142383
"10P9/2" 79.0332020196397 76.7224706247543 79.2656008690485
"10RP2/2" 3.72609714449379 3.06539322925633 3.06036484734671
"10RP2/4" 4.33029495074872 3.08009320981446 3.12515398252008
"10RP2/6" 4.9645761902726 3.09533544942565 3.20783752345865
"10RP2/8" 5.73070597543655 3.11322541697958 3.34797846853815
"10RP3/2" 7.52900583535349 6.42546737075838 6.00224168574663
"10RP3/4" 8.60758168137458 6.4568983867327 5.71654176105768
"10RP3/6" 9.69884550649081 6.48778604920619 5.49809961779924
"10RP3/8" 10.9548492298019 6.52235322840968 5.32273382287497
"10RP3/10" 12.2371426365328 6.55687105839339 5.20347191560744
"10RP4/2" 13.1820226250499 11.746824597247 11.0835420059515
"10RP4/4" 14.6767798055212 11.7921811608431 10.5485819730632
"10RP4/6" 16.2081271132213 11.8376547742676 10.0773429978005
"10RP4/8" 17.8803753194602 11.8859622620198 9.66716903007661
"10RP4/10" 19.4646414068753 11.9308875398214 9.34358770327401
"10RP4/12" 21.3231444644034 11.9824766933285 9.0500506004993
"10RP4/14" 23.1711815037592 12.032598843703 8.84915538946057
"10RP5/2" 20.9847571859949 19.326837293102 18.4254506392225
"10RP5/4" 23.0038293861153 19.3907863271658 17.4953577127222
"10RP5/6" 25.1222939926491 19.4558781463411 16.6745624433471
"10RP5/8" 27.3628081974962 19.5231499207373 15.9279129873843
"10RP5/10" 29.5318614737993 19.5866000527508 15.3347005534216
"10RP5/12" 32.1031811233423 19.6601149818582 14.7631421226635
"10RP5/14" 34.2319700260227 19.7198534102959 14.3769105223447
"10RP6/2" 31.4082907506003 29.370041327544 28.1641814605239
"10RP6/4" 33.8697987611417 29.4493387346784 26.9270046963543
"10RP6/6" 36.6432725980863 29.5367369874995 25.6837757481632
"10RP6/8" 39.0263183421034 29.6104640078183 24.7213585546173
"10RP6/10" 41.9557932391843 29.6990611078999 23.6956796962917
"10RP6/12" 44.9349275783087 29.7874514317424 22.7847599182814
"10RP7/2" 44.4227768027556 42.0663265729831 40.5737510006265
"10RP7/4" 47.4449228257069 42.1645904937653 38.9847553031784
"10RP7/6" 50.7779034739418 42.2720273899027 37.3045393689401
"10RP7/8" 54.2519118661025 42.3824319385215 35.6752943570012
"10RP8/2" 60.1061480328847 57.7022924248282 56.1717564509978
"10RP8/4" 64.2433756359528 57.8405382117142 53.7083461879913
"10RP8/6" 68.4324458520233 57.9767681227839 51.5039523629193
"10RP9/2" 79.5938579650432 76.7932731388738 74.9048352488132
"10R2/2" 3.65994521726774 3.07356270137193 2.29697130307215
"10R2/4" 4.25954401981 3.09677112015826 1.69457320832538
"10R2/6" 4.86151212473785 3.11843918657237 1.2160178290737
"10R3/2" 7.41368418436662 6.43766348753314 4.82963545828871
"10R3/4" 8.37691363047752 6.47814254130975 3.61475166548559
"10R3/6" 9.33001047852756 6.51554390947563 2.61774264987415
"10R3/8" 10.3678104474242 6.55341012549125 1.75324743536097
"10R3/10" 11.4290757678849 6.5894702443432 1.07510524328706
"10R4/2" 13.0945645963303 11.7664020209833 9.39548510078167
"10R4/4" 14.4893958693056 11.8295244408402 7.28777709193882
"10R4/6" 15.7809979588184 11.8850656635056 5.56108556761499
"10R4/8" 17.1626327789118 11.9403928616438 4.03001164778921
"10R4/10" 18.5406291470026 11.9921612496248 2.76693867661793
"10R4/12" 19.841577675763 12.0396967300564 1.67799812593898
"10R5/2" 20.9293141175303 19.3540141775092 16.2133276527945
"10R5/4" 22.7473161670668 19.4413072453181 13.0779074445569
"10R5/6" 24.6039031635889 19.5253469233659 10.2708446593239
"10R5/8" 26.4987047990861 19.6058334110909 7.81458929090421
"10R5/10" 28.3926762574043 19.6825478189414 5.64841443751068
"10R5/12" 30.2486772894284 19.7538645171504 3.82417807802548
"10R5/14" 31.8543500557044 19.8121913277997 2.50670128410369
"10R5/16" 33.418277902514 19.8673460819039 1.35152452774649
"10R6/2" 31.4517372035786 29.4099142232126 25.1668325420966
"10R6/4" 33.7185816968435 29.5230689031416 20.9239794871133
"10R6/6" 35.9011238744335 29.6257860486878 17.3206946854445
"10R6/8" 38.222321873994 29.7285652205473 13.9883836666958
"10R6/10" 40.6786784939374 29.8334946154481 10.7585903150246
"10R6/12" 43.066198239835 29.9305189670677 8.00326206421866
"10R6/14" 45.4352329824552 30.022531200225 5.59880511041811
"10R7/2" 44.4746101910592 42.1136839424571 37.0142355622381
"10R7/4" 47.3017881001829 42.2587484020395 31.4179290491977
"10R7/6" 50.1879003060436 42.3976893506955 26.4124269339199
"10R7/8" 53.2223090446259 42.5362359491111 21.7323689342458
"10R7/10" 55.9892829705137 42.6577027082295 17.8413632653916
"10R8/2" 60.1947506619998 57.7562053340441 52.1783672264979
"10R8/4" 64.1952701219418 57.9629221464322 44.1475290755042
"10R8/6" 67.7377740887249 58.1393912702999 37.5450975753118
"10R9/2" 79.7843523393463 76.8621001149829 69.9606473518744
"10YR2/2" 3.32149026734477 3.07244078473929 1.71059109230229
"10YR3/2" 6.83392625570765 6.43456455464442 3.91623258823206
"10YR3/4" 7.22131791717754 6.46645745921577 2.22012248831904
"10YR3/6" 7.57369103207247 6.49109226160415 1.01570409952419
"10YR4/2" 12.3393411565026 11.7702048441422 7.59932104637552
"10YR4/4" 12.9602416765063 11.8237572849622 4.69249116505168
"10YR4/6" 13.4634611461888 11.8615470894229 2.77068493342279
"10YR4/8" 13.8663448409229 11.8893947090437 1.4182480019652
"10YR5/2" 20.0697257992496 19.3648408491398 13.6663710041478
"10YR5/4" 20.8724545672139 19.4428999524541 9.22583842321811
"10YR5/6" 21.658259319798 19.5081498944216 5.7423029716229
"10YR5/8" 22.29076129337 19.5547701226735 3.39468253855065
"10YR5/10" 22.7508621445666 19.5871018040147 1.80924798602592
"10YR6/2" 30.2751868045718 29.4261095927869 21.5742602013501
"10YR6/4" 31.2004088685547 29.5263942174815 15.6584371961509
"10YR6/6" 32.2247306106815 29.616860268226 10.6990782100505
"10YR6/8" 33.0875853039341 29.6874799963687 6.95348862972807
"10YR6/10" 33.8401774799661 29.7420930548034 4.22655080318636
"10YR6/12" 34.4218681645251 29.7815534366453 2.33161301239848
"10YR7/2" 43.1000879097483 42.1436470854836 31.9631234468673
"10YR7/4" 44.2489373165342 42.276478833166 23.9748843994849
"10YR7/6" 45.3803706677349 42.3897579212771 17.464204210069
"10YR7/8" 46.4819345071554 42.4842479614395 12.347256832959
"10YR7/10" 47.5234458854636 42.5637193917813 8.2724070944749
"10YR7/12" 48.4021428471353 42.6284332873095 5.01508151766397
"10YR7/14" 49.0964891307851 42.6752287737076 2.77690806429904
"10YR8/2" 58.8274825281081 57.81497053964 44.9141390138051
"10YR8/4" 60.135705875143 57.9778294424559 34.9205847488006
"10YR8/6" 61.5365386383355 58.1226244376139 26.5082779939384
"10YR8/8" 62.91367277345 58.2506175810275 19.3482880263868
"10YR8/10" 64.1663172202647 58.3533823137622 13.8918605345229
"10YR8/12" 65.3129183541176 58.4417896603317 9.33492117436436
"10YR8/14" 66.2728017322797 58.5116198882277 5.84337050476586
"10YR9/2" 78.0297797089709 76.9430152297901 60.213045898069
"10YR9/4" 79.6301414528918 77.1538676960176 47.0887128412199
"10Y2/2" 2.92141853038834 3.06169107046727 1.74627328516047
"10Y3/2" 6.13772328122167 6.41734593650922 3.86324624442691
"10Y3/4" 5.96496181821159 6.43768177896752 1.94687447394123
"10Y4/2" 11.2742757420592 11.7450242629206 7.42848475948944
"10Y4/4" 10.9709434350683 11.7792840410432 4.17554877785861
"10Y4/6" 10.7838916773324 11.8008482873186 2.13575079237085
"10Y5/2" 18.6670390616912 19.3357074141525 13.1297564142329
"10Y5/4" 18.1954564531964 19.3872317121671 8.20695611882161
"10Y5/6" 17.8634490238454 19.4243731170257 4.67412429659881
"10Y5/8" 17.6696504684068 19.4481078359233 2.45304391742913
"10Y6/2" 28.4473050390196 29.391916240427 20.5833130317351
"10Y6/4" 27.8261590881771 29.4593157984779 14.1352596728777
"10Y6/6" 27.3400465359686 29.5141020798219 8.93128003422896
"10Y6/8" 26.9871743233381 29.5534520106951 5.18614368902114
"10Y6/10" 26.7643980435718 29.5779487442396 2.84849585754418
"10Y7/2" 40.8489717199511 42.1041176492767 30.5431017594954
"10Y7/4" 40.0254077693227 42.1947101090409 21.8987289087316
"10Y7/6" 39.4313361107002 42.2656987321808 15.2269459510706
"10Y7/8" 38.9338547930518 42.3224329484229 9.84970235101167
"10Y7/10" 38.5508305423757 42.365983728296 5.71970444998665
"10Y7/12" 38.3288131300075 42.3919826714548 3.26738543257054
"10Y8/2" 56.139459850427 57.7772506618193 42.4852085562238
"10Y8/4" 55.1528369610894 57.8879161221564 31.9640892886052
"10Y8/6" 54.2968983762345 57.9810081625945 23.0620100228368
"10Y8/8" 53.6575559709688 58.0551641399342 16.0552263035824
"10Y8/10" 53.1463769944604 58.1129898753231 10.5663217984377
"10Y8/12" 52.7230234494016 58.1557494261263 6.41730689707198
"10Y8.5/2" 65.0009013231363 66.865509883312 49.4731828458744
"10Y8.5/4" 63.8545895829333 66.9892930448091 37.6199408766633
"10Y8.5/6" 62.9240700208037 67.0947440576488 27.6136888044395
"10Y8.5/8" 62.1590908539077 67.1793877999634 19.5459067287226
"10Y8.5/10" 61.5858146040379 67.243975386589 13.4105379518474
"10Y8.5/12" 61.0865819537711 67.2950512341901 8.46742785849783
"10Y9/2" 74.7921254617667 76.8981152658042 57.2462658186838
"10Y9/4" 73.4783306201627 77.0382779319674 43.7931322505228
"10Y9/6" 72.4414288540139 77.1544455298562 32.7464800946812
"10PB7/1" 42.3261772445295 41.9615938956513 44.5038467217317
"5B3/1" 6.07437650261256 6.37151021916543 7.28217867353801
"5B4/1" 11.2240233030123 11.6730713575998 12.8933566648585
"5B5/1" 18.6219845630764 19.2351592019031 20.8165197975791
"5B6/1" 28.4270836912893 29.2545073939334 31.1702583193749
"5B7/1" 40.8926228152333 41.9276044082601 44.2814055430033
"5B8/1" 56.3174159582498 57.5534130165549 60.1506866624959
"5B9/1" 75.0613851993273 76.6137486601674 79.7746301434348
"5BG2/1" 2.83591976924591 3.04075555567962 3.19537292742757
"5BG3/1" 5.97903016173294 6.37742443974061 6.63514126269456
"5BG4/1" 11.0269693799408 11.6794519513373 12.0079651031904
"5BG5/1" 18.2854368967273 19.2412717081914 19.6744246343715
"5BG6/1" 27.9192307841652 29.2603137307052 29.7111353102314
"5BG7/1" 40.1389127628396 41.9331219861293 42.3556327777699
"5BG8/1" 55.2698321421794 57.5552975312419 57.9214120663695
"5BG9/1" 73.6770118636425 76.6154186455557 76.8921105979725
"5PB2/1" 3.05550986413745 3.03863899256853 3.79580742433043
"5PB3/1" 6.38909261739785 6.37456377652023 7.67195242861412
"5PB4/1" 11.6975232354872 11.679403278579 13.3453858654826
"5PB5/1" 19.2486585765274 19.2455637367464 21.2582202062942
"5PB6/1" 29.2235268364022 29.2691780090008 31.6196729947349
"5PB7/1" 41.8785485173394 41.9479192473171 44.671157008705
"5PB8/1" 57.4453463885467 57.577007429637 60.5692282342411
"5PB9/1" 76.4763372926856 76.6482711641056 79.9188500054348
"10B2/1" 2.95646732643616 3.03718578780996 3.71121338896237
"10B3/1" 6.20888882043998 6.37153099113886 7.54810209093377
"10B4/1" 11.4341469340277 11.674956975678 13.1654358084416
"10B5/1" 18.9060975345422 19.2381628001287 21.1492911579975
"10B6/1" 28.7986957147708 29.2595775889405 31.5172254422931
"10B7/1" 41.3817077970173 41.9364824716165 44.5675136914558
"10B8/1" 56.8643480338618 57.5632047618322 60.481182279379
"10B9/1" 75.7488632756136 76.6292009758782 79.9468689982032
"10BG2/1" 2.85456641821548 3.03877616838849 3.38554430267884
"10BG3/1" 6.0080944874064 6.37374618789723 6.97742195686242
"10BG4/1" 11.0945860897314 11.6747372363695 12.5070819458433
"10BG5/1" 18.4020069691338 19.2354846248482 20.3538409078713
"10BG6/1" 28.1032479647641 29.2537195018694 30.5871207341548
"10BG7/1" 40.4380621711924 41.925713022435 43.5236146671411
"10BG8/1" 55.6767145586814 57.5468518437558 59.383842767606
"10BG9/1" 74.2151976633449 76.605562202232 78.7247964818853
"10PB2/1" 3.18385327600955 3.04193260660652 3.7963408533393
"10PB3/1" 6.61296162378963 6.38039565044058 7.66616721555022
"10PB4/1" 11.9754528278947 11.6864363709979 13.3542191797292
"10PB5/1" 19.5661996020714 19.2548820996264 21.1690940154535
"10PB6/1" 29.636427329791 29.281160948256 31.5141284708669
"5B2/1" 2.88656903233585 3.03758191776816 3.54155693566933
"10PB8/1" 57.9945333460263 57.59568231176 60.217189140605
"10PB9/1" 77.1022368120629 76.6702483118931 79.4639872555002
"5GY2/1" 2.91680033874641 3.05139364370683 2.53348843968961
"5GY3/1" 6.12330273411095 6.39860727854778 5.28380816696912
"5GY4/1" 11.2686360986362 11.7140458489427 9.81313035759259
"5GY5/1" 18.6467529861491 19.2916463784652 16.497078350366
"5GY6/1" 28.4121650960985 29.3315898755849 25.1790484794047
"5GY7/1" 40.8776371468711 42.0288494587918 36.4213357147225
"5GY8/1" 56.2155787124007 57.6796310035456 50.1864785877752
"5GY9/1" 74.911580426606 76.7753976325199 66.9747971453862
"10GY2/1" 2.8694368432287 3.04755911213765 2.73584939997416
"10GY3/1" 6.02198369258838 6.39056802112012 5.70404996523988
"10GY4/1" 11.0969686324297 11.7010275836041 10.478532162391
"10GY5/1" 18.3685020081011 19.2723502582537 17.4360251118297
"10GY6/1" 27.9620171492344 29.3020928879082 26.5650437959168
"10GY7/1" 40.2524900873761 41.9881017266434 38.3294069757974
"10GY8/1" 55.3419529722173 57.6247750121875 52.6914825947011
"10GY9/1" 73.7489184517234 76.7039253586631 70.1900393188151
"5G2/1" 2.84368637958555 3.04498831580385 2.88345931334597
"5G3/1" 5.98020878001623 6.38507941632472 6.04545156935385
"5G4/1" 11.0172151199157 11.6910351102535 11.092726574403
"5G5/1" 18.2541190086936 19.2576708479676 18.3438318014014
"5G6/1" 27.8311515699989 29.2811759061255 27.9224805867065
"5G7/1" 40.0432452126163 41.9597401873948 40.1067162119223
"5G8/1" 55.0677123723326 57.5868919407878 55.0759153611779
"5G9/1" 73.4320417947407 76.6560404695631 73.2632116433624
"10G2/1" 2.83592472562827 3.04319972548816 3.00635134861125
"10G3/1" 5.96892976778372 6.38161135978605 6.29123744003102
"10G4/1" 11.0020082916278 11.6854608772763 11.4935915794547
"10G5/1" 18.2495853183155 19.2497433145249 18.9479281068183
"10G6/1" 27.8686902689039 29.2708562327382 28.7952616172974
"10G7/1" 40.0485837905225 41.9452937600746 41.2346168534465
"10G8/1" 55.1034575343494 57.5686734065471 56.5560250248436
"10G9/1" 73.4534186288262 76.6316585308553 75.1914203600331
"5P2/1" 3.26765187489029 3.04580642717049 3.66340662758702
"5P3/1" 6.76250691362921 6.38692896989589 7.45831085549232
"5P4/1" 12.1750961143347 11.6950625057518 13.0841443439545
"5P5/1" 19.7890434065485 19.265511058684 20.7902645146948
"5P6/1" 29.9290518531021 29.2922779161141 31.236342525258
"5P7/1" 42.649800822911 41.9752656312746 44.0901293677209
"5P8/1" 58.2310882027828 57.6081311420618 59.7248810320834
"5P9/1" 77.3689343765955 76.6819226443489 79.0915290679916
"10P2/1" 3.32809339955186 3.0495663115229 3.4928295964236
"10P3/1" 6.86708521387507 6.39442826818098 7.08631165239296
"10P4/1" 12.3179461576172 11.7057359376737 12.5427767031241
"10P5/1" 19.9530792438966 19.2778247114803 20.1641788006627
"10P6/1" 30.1860500176666 29.3100369062041 30.3740075317539
"10P7/1" 42.9245731625749 41.9952775359378 43.0889054073615
"10P8/1" 58.5336377028411 57.6300868204191 58.6285717934547
"10P9/1" 77.7301690405431 76.7075684918009 77.8265413528901
"5RP2/1" 3.37710170582078 3.05403662170016 3.24456903349476
"5RP3/1" 6.92548789048323 6.40246886854661 6.58061015439314
"5RP4/1" 12.4112792238296 11.7164816926127 11.8973319049162
"5RP5/1" 20.0647039865781 19.2903835706085 19.4148891047547
"5RP6/1" 30.2984856186102 29.3249013386117 29.4480181238331
"5RP7/1" 43.0852860305597 42.0120925647538 42.1080754675721
"5RP8/1" 58.6827470238014 57.645631937809 57.7228783084354
"5RP9/1" 77.9148141919054 76.7258229991131 76.7819811607645
"10RP2/1" 3.38502605957496 3.05674137771902 3.05114458047292
"10RP3/1" 6.95942100662389 6.40836625672446 6.19199689953656
"10RP4/1" 12.4375125984851 11.7237363735514 11.3884320701081
"10RP5/1" 20.1077978427584 19.2987358941409 18.8546314936259
"10RP6/1" 30.3314581838245 29.3349090298792 28.7396047039442
"10RP7/1" 43.1670277347976 42.0247587492162 41.2910512466972
"10RP8/1" 58.759826154814 57.6574900616946 56.9590759402371
"10RP9/1" 77.9844100676163 76.7390262665684 75.8992623945405
"5R2/1" 3.38500637181142 3.0594378443332 2.84256142003208
"5R3/1" 6.9550248823135 6.4124668663744 5.86611345232536
"5R4/1" 12.4363412726398 11.7295737856055 10.9346385539853
"5R5/1" 20.1124276118058 19.3050112133377 18.3785080839177
"5R6/1" 30.3571976447938 29.3431983094171 28.1497069524338
"5R7/1" 43.2386363939969 42.0362684819418 40.5433132022467
"5R8/1" 58.8037562075695 57.6686008824299 56.1871399975712
"5R9/1" 78.0428296461691 76.7534492665193 74.89998144296
"10R2/1" 3.35843478906439 3.06113444931175 2.65849854828303
"10R3/1" 6.91385088527426 6.41515765932386 5.57611778539438
"10R4/1" 12.405184442486 11.7341013187947 10.5225129118778
"10R5/1" 20.0971494071715 19.3129459695264 17.7344495357559
"10R6/1" 30.3770814093733 29.3556633253364 27.2252125472789
"10R7/1" 43.2153663751334 42.0488266958977 39.5257828498808
"10R8/1" 58.8184647240309 57.683568142663 55.0588297011101
"10R9/1" 78.1079406357232 76.7721697977017 73.5816390463453
"5YR2/1" 3.29212815991959 3.06178240815859 2.4765091352177
"5YR3/1" 6.79780021895408 6.41614499855618 5.2689454727162
"5YR4/1" 12.2729784314666 11.7381318947273 9.94784632121086
"5YR5/1" 19.971685088924 19.3199335057011 16.94450090511
"5YR6/1" 30.199001211638 29.3652261363662 26.1314457669717
"5YR7/1" 43.0534794138085 42.063985860106 38.0314021492323
"5YR8/1" 58.7684922043614 57.709970467047 52.9174912869328
"5YR9/1" 78.012320499681 76.8058420620478 70.7872574380081
"10YR2/1" 3.19082133952218 3.06112757811242 2.32566560965964
"10YR3/1" 6.62520137986768 6.41455881278198 5.04834091836775
"10YR4/1" 12.0326409931295 11.7378680421761 9.49024839271287
"10YR5/1" 19.6814773585127 19.32070253345 16.307833873044
"10YR6/1" 29.8043311930988 29.3670079449244 25.2086867622239
"10YR7/1" 42.5534126562148 42.0681610990519 36.713913586138
"10YR8/1" 58.2300327522919 57.7217360554467 50.9366083717555
"10YR9/1" 77.3587830373487 76.8245505795448 68.0405329934566
"5Y2/1" 3.07155249314871 3.05869560575059 2.27654133802278
"5Y3/1" 6.41466511999807 6.41027387691831 4.96100369535322
"5Y4/1" 11.7195094597982 11.7324011865499 9.29027003257467
"5Y5/1" 19.2469812347595 19.3145527904961 15.9192892746123
"5Y6/1" 29.2361961133179 29.360073890931 24.6150076713699
"5Y7/1" 41.8807996703278 42.0613198904134 35.9052590211609
"5Y8/1" 57.4293508146607 57.7166818073798 49.7350359724868
"5Y9/1" 76.3934004861711 76.8178819992014 66.6362415676795
"10Y2/1" 2.98111492582123 3.0552367784129 2.36417593535828
"10Y3/1" 6.25253049022798 6.40529238129403 5.02380363174795
"10Y4/1" 11.469293797107 11.724562114846 9.39889083817155
"10Y5/1" 18.9489152177966 19.3058110915272 16.0025500416412
"10Y6/1" 28.842194584061 29.3498376079678 24.6230541871238
"10Y7/1" 41.3763551812248 42.0486871165144 35.8789908399021
"10Y8/1" 56.8200996855141 57.7043649471123 49.4758864615593
"10Y9/1" 75.6718522539617 76.8044850336209 66.2372807663084
"N0.5/" 0.5673028559375 0.5673028559375 0.5673028559375
"N0.75/" 0.859031304462891 0.859031304462891 0.859031304462891
"N1/" 1.17992539 1.17992539 1.17992539
"N1.25/" 1.54575643920898 1.54575643920898 1.54575643920898
"N1.5/" 1.9707594928125 1.9707594928125 1.9707594928125
"N1.75/" 2.46772932786133 2.46772932786133 2.46772932786133
"N2/" 3.04811648 3.04811648 3.04811648
"N2.25/" 3.72212326573242 3.72212326573242 3.72212326573242
"N2.5/" 4.4987998046875 4.4987998046875 4.4987998046875
"N2.75/" 5.38614004188477 5.38614004188477 5.38614004188477
"N3/" 6.39117777 6.39117777 6.39117777
"N3.25/" 7.52008265163086 7.52008265163086 7.52008265163086
"N3.5/" 8.7782562415625 8.7782562415625 8.7782562415625
"N3.75/" 10.1704280090332 10.1704280090332 10.1704280090332
"N4/" 11.70075136 11.70075136 11.70075136
"N4.25/" 13.3728996594043 13.3728996594043 13.3728996594043
"N4.5/" 15.1901622534375 15.1901622534375 15.1901622534375
"N4.75/" 17.1555404918066 17.1555404918066 17.1555404918066
"N5/" 19.27184375 19.27184375 19.27184375
"N5.25/" 21.5417854515527 21.5417854515527 21.5417854515527
"N5.5/" 23.9680790903125 23.9680790903125 23.9680790903125
"N5.75/" 26.5535342527051 26.5535342527051 26.5535342527051
"N6/" 29.30115264 29.30115264 29.30115264
"N6.25/" 32.2142240905762 32.2142240905762 32.2142240905762
"N6.5/" 35.2964226021875 35.2964226021875 35.2964226021875
"N6.75/" 38.5519023542285 38.5519023542285 38.5519023542285
"N7/" 41.98539373 41.98539373 41.98539373
"N7.25/" 45.6022993389746 45.6022993389746 45.6022993389746
"N7.5/" 49.4087900390625 49.4087900390625 49.4087900390625
"N7.75/" 53.411900958877 53.411900958877 53.4119009588769
"N8/" 57.61962752 57.61962752 57.61962752
"N8.25/" 62.0410214592481 62.041021459248 62.0410214592481
"N8.5/" 66.6862868509375 66.6862868509375 66.6862868509375
"N8.75/" 71.5668761291504 71.5668761291504 71.5668761291504
"N9/" 76.69558611 76.69558611 76.69558611
"N9.25/" 82.0866540138965 82.0866540138965 82.0866540138965
"N9.5/" 87.7558534878125 87.7558534878125 87.7558534878125
"1.25R4/12" 21.3258132930712 11.9966145363422 7.9619416200898
"1.25R4/14" 23.2413319162356 12.0507065264781 7.58823337114208
"1.25R5/12" 32.1286897908818 19.6803967693271 13.2452880066231
"1.25R5/14" 34.263634104133 19.7428505678986 12.6612928308609
"1.25R6/12" 44.9980860006265 29.8153085818094 20.755910433895
"1.25YR4/12" 19.085473905287 12.027360830447 1.12824767673191
"1.25YR5/12" 29.3610936492819 19.7406106460913 3.0839245772742
"1.25YR6/12" 42.2301974397421 29.9251547717431 6.755415645757
"1.25YR6/14" 44.203159569104 30.0059658636417 4.42950793529017
"3.75R4/12" 21.1441081080498 12.0206485073678 5.74176951935573
"3.75R4/14" 23.1058520148947 12.0799231386949 5.05917409834028
"3.75R5/12" 32.0076307419387 19.715697917634 10.2743338051741
"3.75R5/14" 34.1412300615335 19.7828555703206 9.32386877401095
"3.75R6/12" 44.9598445954814 29.8615553416538 17.1031405825772
"3.75YR5/12" 27.4732174109983 19.7046499316229 2.11034243980853
"3.75YR6/12" 40.0842329137436 29.8943008758045 4.87356487204894
"3.75YR6/14" 41.3860135187476 29.9535699763104 2.87880420273579
"3.75YR7/12" 55.5752269155963 42.7593550566439 9.15608688027944
"6.25R3/12" 13.3582235686981 6.63116433323721 1.68735425238642
"6.25R4/12" 20.8505071499762 12.0369141707518 3.89984810024655
"6.25R4/14" 22.6692162521939 12.0946341052068 3.05301233094135
"6.25R5/12" 31.6652396931673 19.7415585732837 7.59330024221151
"6.25R5/14" 33.7941836278917 19.8127752304798 6.31965385404341
"6.25R6/12" 44.5905380491236 29.8986171626198 13.5022799961468
"6.25YR6/12" 37.7711299218639 29.8519928965158 3.54515016204905
"6.25YR7/12" 52.6859464448972 42.7120726289026 7.06644228341586
"6.25YR7/14" 53.9355045801809 42.7801830528906 4.28403139455867
"6.25YR7/16" 54.8748831906212 42.8293677142027 2.34842161566309
"8.75R4/12" 20.3182661239575 12.042670294848 2.39610329229784
"8.75R4/14" 21.8580412426391 12.0939008801624 1.49638362832363
"8.75R5/12" 30.8869727470886 19.754862606771 5.01648418307986
"8.75R5/14" 32.7600391895787 19.8207221109928 3.64824692853305
"8.75R5/16" 34.7248962776904 19.8872587240141 2.41020356224166
"8.75R6/12" 43.720924500039 29.9252094955867 9.71607227444664
"8.75R6/14" 46.3249623235192 30.0227856799553 7.3486956035001
"8.75YR6/12" 35.5400736253848 29.8061444177806 2.65373840491071
"8.75YR7/12" 49.831828721273 42.6576626340451 5.59797657375682
"8.75YR7/14" 50.6598114767939 42.7101009562174 3.1891756740991
"1.25Y6/12" 33.3358259979215 29.756941030382 2.07511381909059
"1.25Y7/12" 47.0321870404534 42.5994214623898 4.53415978892769
"1.25Y7/14" 47.5679165434465 42.6402629247973 2.44099796199271
"1.25Y8/12" 63.6476644793569 58.4084240535251 8.60340502402572
"1.25Y8/14" 64.4341591925714 58.4717113628232 5.27303131025713
"1.25Y8/16" 64.988024466293 58.5154492322787 2.99193215446128
"1.25GY8/12" 51.0976044592305 58.1113665336688 6.61709177825608
"1.25G5/12" 9.93111732513318 19.2048529475142 5.87523701052701
"1.25G6/12" 16.8856022663485 29.2263851695657 10.3905112808009
"3.75Y7/12" 44.1730864406611 42.5354273387131 3.79701764598221
"3.75Y8/12" 59.905893473491 58.3289853482054 7.30521022008716
"3.75Y8/14" 60.3346709877065 58.378641985394 4.31756963096634
"3.75Y8.5/12" 68.9474202074223 67.4828727249374 9.57569000102744
"6.25Y7/12" 41.5140841993384 42.4721513611909 3.4023074687407
"6.25Y8/12" 56.5043564905703 58.2513572272167 6.54367262883301
"6.25Y8.5/12" 65.1683580857909 67.3976197906061 8.65299825966766
"8.75Y7/12" 39.380856935792 42.4191483293705 3.25879790170781
"8.75Y8/12" 53.9992934590469 58.189301397022 6.36076441089095
"8.75Y8.5/12" 62.4907698129386 67.331870760197 8.41258779593038
"8.75GY6/12" 18.3891634446537 29.3262012117365 5.66117996683705
"3.75PB4/12" 10.9954981446793 11.3287725807123 39.0668206793309
"3.75PB5/12" 17.9973280203384 18.7827780930107 54.5611814368323
"6.25PB3/12" 7.50905320469645 6.14410633793508 27.7229448476397
"6.25PB4/12" 12.7696348141526 11.3759888286662 38.9436876323289
"6.25PB4/14" 13.1428899496263 11.3018905267895 45.4167930055981
"6.25PB5/12" 20.3579791905287 18.8479551655045 54.2154746155439
"8.75PB4/12" 14.8578682292786 11.4501338743181 37.362591809239
"1.25RP4/12" 19.8467683434096 11.7907076676993 20.9450689876857
"3.75RP4/12" 20.5376718896875 11.8620924945061 16.7983153330763
"3.75RP5/12" 31.0640023588939 19.4991337155133 25.1465799920122
"3.75RP6/12" 43.8305866983111 29.5898594785328 35.8700583356629
"6.25RP4/12" 20.9597540959315 11.920318445653 13.1346100873307
"6.25RP5/12" 31.7125643083646 19.5799265529434 20.1880006347784
"6.25RP5/14" 33.8931826463928 19.6313170825773 20.5504762206167
"6.25RP6/12" 44.4674809267382 29.6856381588381 29.729272126792
"8.75RP4/12" 21.224898906634 11.9637114452555 10.3059504488773
"8.75RP4/14" 23.0458002878539 12.0107751893205 10.2876217792522
"8.75RP5/12" 32.028168685792 19.6356942800588 16.5026413140321
"8.75RP5/14" 34.1590381754834 19.6925433076415 16.3440132540192
"8.75RP6/12" 44.8142930633853 29.7548995548888 25.0623848084306
